prime,A,x0,trials,cycles,mul_count,inv_count,branch_count,opcount_m3,batch_time_ms
1001629,50677,627248,6071,709,66,0,0,66.000,942.21
1001629,820734,651123,20014,333,66,0,0,66.000,942.21
1001629,889297,416664,52549,333,66,0,0,66.000,942.21
1001629,431068,321846,1258,333,66,0,0,66.000,942.21
1001629,271831,658041,9524,291,66,0,0,66.000,942.21
1001629,849264,543823,33637,333,66,0,0,66.000,942.21
1001629,127876,37103,2194,291,66,0,0,66.000,942.21
1001629,859660,399809,30563,292,66,0,0,66.000,942.21
1001629,645005,294580,25560,333,66,0,0,66.000,942.21
1001629,361484,968342,26477,334,66,0,0,66.000,942.21
1001629,444743,249790,43901,334,66,0,0,66.000,942.21
1001629,239014,834218,180785,291,66,0,0,66.000,942.21
1001629,564455,566768,2732,333,66,0,0,66.000,942.21
1001629,956403,173989,27833,750,66,0,0,66.000,942.21
1001629,868480,362669,7078,333,66,0,0,66.000,942.21
1001629,266910,699459,10555,292,66,0,0,66.000,942.21
1001629,672200,303884,4342,292,66,0,0,66.000,942.21
1001629,19868,250289,31834,333,66,0,0,66.000,942.21
1001629,954821,493061,12706,709,66,0,0,66.000,942.21
1001629,29412,99511,60847,333,66,0,0,66.000,942.21
1003109,812172,752054,32311,291,66,0,0,66.000,426.46
1003109,725829,637348,3098,333,66,0,0,66.000,426.46
1003109,599115,401670,5356,333,66,0,0,66.000,426.46
1003109,103687,474409,6844,333,66,0,0,66.000,426.46
1003109,896152,992856,9433,333,66,0,0,66.000,426.46
1003109,827045,937151,3790,334,66,0,0,66.000,426.46
1003109,112827,369807,34525,291,66,0,0,66.000,426.46
1003109,635387,5115,8717,292,66,0,0,66.000,426.46
1003109,67452,953536,14045,333,66,0,0,66.000,426.46
1003109,455940,946094,4931,291,66,0,0,66.000,426.46
1003109,938612,440037,3818,750,66,0,0,66.000,426.46
1003109,43075,276043,32952,292,66,0,0,66.000,426.46
1003109,842205,924197,2794,334,66,0,0,66.000,426.46
1003109,689516,55586,13415,291,66,0,0,66.000,426.46
1003109,362790,723407,45881,333,66,0,0,66.000,426.46
1003109,625861,485183,4917,292,66,0,0,66.000,426.46
1003109,641372,186318,3147,333,66,0,0,66.000,426.46
1003109,937380,875269,22500,333,66,0,0,66.000,426.46
1003109,715371,892695,15051,292,66,0,0,66.000,426.46
1003109,570610,118392,1246,709,66,0,0,66.000,426.46
1006769,26870,577479,25,334,66,0,0,66.000,122.54
1006769,98208,966086,5701,333,66,0,0,66.000,122.54
1006769,815370,874744,1896,334,66,0,0,66.000,122.54
1006769,690755,205810,116,291,66,0,0,66.000,122.54
1006769,511940,98557,5946,292,66,0,0,66.000,122.54
1006769,179979,219997,1600,292,66,0,0,66.000,122.54
1006769,448731,94572,4518,350,66,0,0,66.000,122.54
1006769,906677,894899,774,292,66,0,0,66.000,122.54
1006769,105700,876125,1517,334,66,0,0,66.000,122.54
1006769,387307,421047,1982,292,66,0,0,66.000,122.54
1006769,215729,425148,9271,708,66,0,0,66.000,122.54
1006769,586305,273802,3978,310,66,0,0,66.000,122.54
1006769,631878,821463,3180,292,66,0,0,66.000,122.54
1006769,472914,93179,527,333,66,0,0,66.000,122.54
1006769,812574,962536,527,292,66,0,0,66.000,122.54
1006769,754221,734889,1878,750,66,0,0,66.000,122.54
1006769,677146,13529,25037,292,66,0,0,66.000,122.54
1006769,647975,489581,5435,333,66,0,0,66.000,122.54
1006769,579343,744040,888,334,66,0,0,66.000,122.54
1006769,369374,481747,2956,292,66,0,0,66.000,122.54
1006883,906242,273607,5322,334,66,0,0,66.000,148.58
1006883,131609,563044,749,292,66,0,0,66.000,148.58
1006883,979866,839135,1154,750,66,0,0,66.000,148.58
1006883,938575,923082,1860,333,66,0,0,66.000,148.58
1006883,526372,85944,4530,292,66,0,0,66.000,148.58
1006883,536024,260102,148,334,66,0,0,66.000,148.58
1006883,570230,199806,5299,292,66,0,0,66.000,148.58
1006883,157516,36882,2375,333,66,0,0,66.000,148.58
1006883,733920,132140,5435,334,66,0,0,66.000,148.58
1006883,741459,930969,924,292,66,0,0,66.000,148.58
1006883,645358,7841,7743,292,66,0,0,66.000,148.58
1006883,178518,889255,4541,709,66,0,0,66.000,148.58
1006883,1005369,829782,698,334,66,0,0,66.000,148.58
1006883,571227,761255,19315,292,66,0,0,66.000,148.58
1006883,701754,52877,7843,708,66,0,0,66.000,148.58
1006883,854316,342195,1409,333,66,0,0,66.000,148.58
1006883,732151,968300,60,292,66,0,0,66.000,148.58
1006883,731038,126018,10312,334,66,0,0,66.000,148.58
1006883,38505,411177,11041,291,66,0,0,66.000,148.58
1006883,803053,965981,1638,708,66,0,0,66.000,148.58
1009159,76995,516096,2971,333,66,0,0,66.000,215.66
1009159,724726,888734,12041,291,66,0,0,66.000,215.66
1009159,604186,509658,1011,292,66,0,0,66.000,215.66
1009159,712861,167291,6967,292,66,0,0,66.000,215.66
1009159,4115,16964,5717,291,66,0,0,66.000,215.66
1009159,689884,552866,6689,333,66,0,0,66.000,215.66
1009159,479417,63265,13293,292,66,0,0,66.000,215.66
1009159,760388,329074,387,334,66,0,0,66.000,215.66
1009159,286373,890460,10300,291,66,0,0,66.000,215.66
1009159,625485,588606,13479,292,66,0,0,66.000,215.66
1009159,209376,133586,5827,292,66,0,0,66.000,215.66
1009159,862822,722552,7438,334,66,0,0,66.000,215.66
1009159,730757,940967,4815,333,66,0,0,66.000,215.66
1009159,277154,818803,5954,375,66,0,0,66.000,215.66
1009159,383569,341355,4569,292,66,0,0,66.000,215.66
1009159,203960,922812,4581,292,66,0,0,66.000,215.66
1009159,894989,389613,713,292,66,0,0,66.000,215.66
1009159,597078,78971,955,291,66,0,0,66.000,215.66
1009159,522776,349832,25574,333,66,0,0,66.000,215.66
1009159,556369,779410,3552,291,66,0,0,66.000,215.66
1009193,526558,707328,2083,333,66,0,0,66.000,194.97
1009193,408518,274318,1266,334,66,0,0,66.000,194.97
1009193,781924,869364,1788,291,66,0,0,66.000,194.97
1009193,108307,473383,6971,292,66,0,0,66.000,194.97
1009193,288664,618293,3700,291,66,0,0,66.000,194.97
1009193,446580,734739,16022,333,66,0,0,66.000,194.97
1009193,290027,538256,7286,292,66,0,0,66.000,194.97
1009193,82290,161292,3529,292,66,0,0,66.000,194.97
1009193,639229,710340,4633,291,66,0,0,66.000,194.97
1009193,272215,811566,3463,291,66,0,0,66.000,194.97
1009193,646021,176852,3320,334,66,0,0,66.000,194.97
1009193,705197,462775,2867,333,66,0,0,66.000,194.97
1009193,900239,409341,6207,333,66,0,0,66.000,194.97
1009193,689828,621350,11428,333,66,0,0,66.000,194.97
1009193,381624,681652,9522,292,66,0,0,66.000,194.97
1009193,914784,791132,18178,291,66,0,0,66.000,194.97
1009193,1005066,93955,724,333,66,0,0,66.000,194.97
1009193,343477,305992,16077,291,66,0,0,66.000,194.97
1009193,275215,973501,4345,292,66,0,0,66.000,194.97
1009193,425436,101972,84,750,66,0,0,66.000,194.97
1012481,587742,794083,13736,333,66,0,0,66.000,280.28
1012481,272570,484101,20366,333,66,0,0,66.000,280.28
1012481,674094,467418,5520,292,66,0,0,66.000,280.28
1012481,110007,151260,70,708,66,0,0,66.000,280.28
1012481,868039,964699,1041,292,66,0,0,66.000,280.28
1012481,246389,597664,20665,334,66,0,0,66.000,280.28
1012481,909636,324445,3049,708,66,0,0,66.000,280.28
1012481,992124,557962,4177,708,66,0,0,66.000,280.28
1012481,399938,702905,21510,333,66,0,0,66.000,280.28
1012481,453208,636005,5324,333,66,0,0,66.000,280.28
1012481,883716,915421,16114,291,66,0,0,66.000,280.28
1012481,156176,668680,3742,333,66,0,0,66.000,280.28
1012481,656825,185362,11808,334,66,0,0,66.000,280.28
1012481,853534,707147,7962,292,66,0,0,66.000,280.28
1012481,164772,482580,26327,333,66,0,0,66.000,280.28
1012481,528326,634443,3035,292,66,0,0,66.000,280.28
1012481,915022,153041,5657,708,66,0,0,66.000,280.28
1012481,141099,470541,3159,333,66,0,0,66.000,280.28
1012481,251749,224682,1195,333,66,0,0,66.000,280.28
1012481,362365,362101,2393,333,66,0,0,66.000,280.28
1016497,530398,993010,1343,292,66,0,0,66.000,123.62
1016497,36811,474444,2208,333,66,0,0,66.000,123.62
1016497,857673,14734,1910,375,66,0,0,66.000,123.62
1016497,463452,638170,616,333,66,0,0,66.000,123.62
1016497,70537,821965,43,292,66,0,0,66.000,123.62
1016497,997887,162562,8279,292,66,0,0,66.000,123.62
1016497,326540,715348,6789,292,66,0,0,66.000,123.62
1016497,10478,253341,1022,334,66,0,0,66.000,123.62
1016497,875014,734207,2957,333,66,0,0,66.000,123.62
1016497,648313,675062,4560,292,66,0,0,66.000,123.62
1016497,319926,555948,752,292,66,0,0,66.000,123.62
1016497,1004043,285194,11047,292,66,0,0,66.000,123.62
1016497,936198,508418,1975,291,66,0,0,66.000,123.62
1016497,36121,934316,1021,292,66,0,0,66.000,123.62
1016497,51447,218064,10144,709,66,0,0,66.000,123.62
1016497,149539,109356,571,333,66,0,0,66.000,123.62
1016497,38216,510124,9656,292,66,0,0,66.000,123.62
1016497,520275,380662,9361,292,66,0,0,66.000,123.62
1016497,837581,855677,52,709,66,0,0,66.000,123.62
1016497,671327,588410,4117,333,66,0,0,66.000,123.62
1019357,905142,68160,959,291,66,0,0,66.000,187.85
1019357,432083,31911,4788,291,66,0,0,66.000,187.85
1019357,346264,573297,1158,292,66,0,0,66.000,187.85
1019357,891422,687465,327,333,66,0,0,66.000,187.85
1019357,599187,444128,12996,333,66,0,0,66.000,187.85
1019357,415256,25278,1364,334,66,0,0,66.000,187.85
1019357,222292,787484,4289,334,66,0,0,66.000,187.85
1019357,1005281,905943,8095,708,66,0,0,66.000,187.85
1019357,111625,626954,3315,291,66,0,0,66.000,187.85
1019357,506019,823346,2785,291,66,0,0,66.000,187.85
1019357,175144,726924,6289,292,66,0,0,66.000,187.85
1019357,464609,923963,10865,708,66,0,0,66.000,187.85
1019357,250751,106001,7445,292,66,0,0,66.000,187.85
1019357,717287,53293,6632,334,66,0,0,66.000,187.85
1019357,579102,181330,610,292,66,0,0,66.000,187.85
1019357,169781,941248,5621,292,66,0,0,66.000,187.85
1019357,59493,821797,22814,292,66,0,0,66.000,187.85
1019357,714398,157391,9434,333,66,0,0,66.000,187.85
1019357,896616,151824,5469,292,66,0,0,66.000,187.85
1019357,704648,176211,3096,292,66,0,0,66.000,187.85
1020683,141656,294833,4019,291,66,0,0,66.000,166.44
1020683,670924,17575,11311,292,66,0,0,66.000,166.44
1020683,792374,966700,4654,291,66,0,0,66.000,166.44
1020683,600107,569660,1105,333,66,0,0,66.000,166.44
1020683,659039,301644,1841,292,66,0,0,66.000,166.44
1020683,667907,379385,3533,333,66,0,0,66.000,166.44
1020683,954402,851544,49,292,66,0,0,66.000,166.44
1020683,106105,927133,3481,292,66,0,0,66.000,166.44
1020683,357004,897270,6990,333,66,0,0,66.000,166.44
1020683,741874,862996,1636,292,66,0,0,66.000,166.44
1020683,662276,213837,15243,292,66,0,0,66.000,166.44
1020683,565700,669222,7749,292,66,0,0,66.000,166.44
1020683,376221,354790,14631,291,66,0,0,66.000,166.44
1020683,334282,970454,6141,291,66,0,0,66.000,166.44
1020683,45745,577031,1164,709,66,0,0,66.000,166.44
1020683,108009,697364,2406,292,66,0,0,66.000,166.44
1020683,680424,406915,464,292,66,0,0,66.000,166.44
1020683,404135,271638,9078,334,66,0,0,66.000,166.44
1020683,973240,495395,8675,291,66,0,0,66.000,166.44
1020683,667907,847742,1477,334,66,0,0,66.000,166.44
1021429,455406,915118,13022,333,66,0,0,66.000,395.87
1021429,629120,628599,6453,292,66,0,0,66.000,395.87
1021429,355556,982432,19693,709,66,0,0,66.000,395.87
1021429,491489,1012071,13430,333,66,0,0,66.000,395.87
1021429,717702,245869,8263,292,66,0,0,66.000,395.87
1021429,9991,985009,3675,292,66,0,0,66.000,395.87
1021429,727707,523009,2435,292,66,0,0,66.000,395.87
1021429,914604,413603,20246,292,66,0,0,66.000,395.87
1021429,51089,610628,4023,292,66,0,0,66.000,395.87
1021429,324587,557876,19990,291,66,0,0,66.000,395.87
1021429,627948,856812,47830,334,66,0,0,66.000,395.87
1021429,411036,443544,2130,292,66,0,0,66.000,395.87
1021429,536894,1171,8095,291,66,0,0,66.000,395.87
1021429,615575,228758,5496,334,66,0,0,66.000,395.87
1021429,69713,429588,928,334,66,0,0,66.000,395.87
1021429,114612,304254,2934,292,66,0,0,66.000,395.87
1021429,355583,467463,3915,333,66,0,0,66.000,395.87
1021429,618426,202240,50824,291,66,0,0,66.000,395.87
1021429,490504,7507,8871,292,66,0,0,66.000,395.87
1021429,86924,665741,8373,292,66,0,0,66.000,395.87
1021907,214462,679959,628,334,66,0,0,66.000,751.12
1021907,61120,521032,2354,334,66,0,0,66.000,751.12
1021907,31765,559034,7356,291,66,0,0,66.000,751.12
1021907,877426,278589,35569,292,66,0,0,66.000,751.12
1021907,302819,247856,8869,333,66,0,0,66.000,751.12
1021907,257694,942305,13849,333,66,0,0,66.000,751.12
1021907,810032,137686,48506,334,66,0,0,66.000,751.12
1021907,551030,750173,37023,333,66,0,0,66.000,751.12
1021907,896133,76698,46652,292,66,0,0,66.000,751.12
1021907,53016,709875,13209,333,66,0,0,66.000,751.12
1021907,491514,479943,2641,333,66,0,0,66.000,751.12
1021907,336272,613484,52596,292,66,0,0,66.000,751.12
1021907,906371,852278,42433,333,66,0,0,66.000,751.12
1021907,729932,972321,2277,291,66,0,0,66.000,751.12
1021907,567916,330384,5883,333,66,0,0,66.000,751.12
1021907,1017509,981362,21626,333,66,0,0,66.000,751.12
1021907,944095,580150,6768,292,66,0,0,66.000,751.12
1021907,990196,519035,74584,334,66,0,0,66.000,751.12
1021907,685179,847643,6466,333,66,0,0,66.000,751.12
1021907,333455,9110,42286,292,66,0,0,66.000,751.12
1022611,628064,425167,2847,291,66,0,0,66.000,201.85
1022611,627824,865388,586,333,66,0,0,66.000,201.85
1022611,253378,496509,7247,333,66,0,0,66.000,201.85
1022611,923130,936052,15063,333,66,0,0,66.000,201.85
1022611,398003,477629,922,291,66,0,0,66.000,201.85
1022611,666815,920888,4116,291,66,0,0,66.000,201.85
1022611,493507,512460,9045,333,66,0,0,66.000,201.85
1022611,443718,156624,10712,292,66,0,0,66.000,201.85
1022611,779768,48530,2301,334,66,0,0,66.000,201.85
1022611,773515,69501,1539,334,66,0,0,66.000,201.85
1022611,487909,798026,646,291,66,0,0,66.000,201.85
1022611,256293,181328,5459,291,66,0,0,66.000,201.85
1022611,395427,356174,14081,708,66,0,0,66.000,201.85
1022611,1021874,69248,2124,708,66,0,0,66.000,201.85
1022611,883560,155217,914,333,66,0,0,66.000,201.85
1022611,839200,202555,1521,292,66,0,0,66.000,201.85
1022611,16502,995459,7324,333,66,0,0,66.000,201.85
1022611,242843,917089,16458,334,66,0,0,66.000,201.85
1022611,752891,733883,15685,292,66,0,0,66.000,201.85
1022611,389543,806515,9355,292,66,0,0,66.000,201.85
1023313,466827,260051,7671,291,66,0,0,66.000,269.64
1023313,687192,194741,3858,292,66,0,0,66.000,269.64
1023313,349422,861917,21075,334,66,0,0,66.000,269.64
1023313,204199,304267,19059,291,66,0,0,66.000,269.64
1023313,539191,274023,10990,333,66,0,0,66.000,269.64
1023313,446483,2879,7594,333,66,0,0,66.000,269.64
1023313,555367,668098,15965,291,66,0,0,66.000,269.64
1023313,379441,713807,8566,334,66,0,0,66.000,269.64
1023313,602179,597967,18053,750,66,0,0,66.000,269.64
1023313,404807,76000,9095,292,66,0,0,66.000,269.64
1023313,869627,335039,9838,708,66,0,0,66.000,269.64
1023313,72923,858682,4700,292,66,0,0,66.000,269.64
1023313,529801,142433,2185,292,66,0,0,66.000,269.64
1023313,592359,298599,3891,309,66,0,0,66.000,269.64
1023313,965629,315779,989,291,66,0,0,66.000,269.64
1023313,280799,38616,3714,292,66,0,0,66.000,269.64
1023313,111046,333779,6732,291,66,0,0,66.000,269.64
1023313,848045,218405,7132,292,66,0,0,66.000,269.64
1023313,786795,947099,532,334,66,0,0,66.000,269.64
1023313,229805,174907,7965,333,66,0,0,66.000,269.64
1024379,670143,83148,5653,333,66,0,0,66.000,139.31
1024379,235431,1005044,10696,333,66,0,0,66.000,139.31
1024379,299057,889023,430,333,66,0,0,66.000,139.31
1024379,563956,952542,5369,333,66,0,0,66.000,139.31
1024379,932360,772328,5232,334,66,0,0,66.000,139.31
1024379,355805,880013,5267,291,66,0,0,66.000,139.31
1024379,848764,831629,11691,333,66,0,0,66.000,139.31
1024379,541669,874561,5176,292,66,0,0,66.000,139.31
1024379,692796,239375,4425,333,66,0,0,66.000,139.31
1024379,755867,358361,525,292,66,0,0,66.000,139.31
1024379,427953,429252,4474,292,66,0,0,66.000,139.31
1024379,487503,270549,3192,292,66,0,0,66.000,139.31
1024379,357321,354799,657,292,66,0,0,66.000,139.31
1024379,362084,975307,7222,333,66,0,0,66.000,139.31
1024379,923342,334674,675,333,66,0,0,66.000,139.31
1024379,892209,825356,482,292,66,0,0,66.000,139.31
1024379,358731,784595,8564,333,66,0,0,66.000,139.31
1024379,993550,964755,1828,291,66,0,0,66.000,139.31
1024379,1019894,828385,4411,333,66,0,0,66.000,139.31
1024379,90179,296209,1587,292,66,0,0,66.000,139.31
1026761,276500,843261,2915,333,66,0,0,66.000,731.05
1026761,824988,490419,8115,292,66,0,0,66.000,731.05
1026761,61926,874739,16712,333,66,0,0,66.000,731.05
1026761,964886,521473,18662,333,66,0,0,66.000,731.05
1026761,341009,526168,5428,291,66,0,0,66.000,731.05
1026761,781813,708014,28055,333,66,0,0,66.000,731.05
1026761,637319,89638,8200,333,66,0,0,66.000,731.05
1026761,97688,885923,42068,333,66,0,0,66.000,731.05
1026761,501754,647540,8093,333,66,0,0,66.000,731.05
1026761,214350,215765,20739,333,66,0,0,66.000,731.05
1026761,866502,591389,55448,333,66,0,0,66.000,731.05
1026761,175227,354838,1900,292,66,0,0,66.000,731.05
1026761,547409,918367,8887,334,66,0,0,66.000,731.05
1026761,499183,467450,2181,750,66,0,0,66.000,731.05
1026761,190042,329175,36512,334,66,0,0,66.000,731.05
1026761,284056,290157,88344,292,66,0,0,66.000,731.05
1026761,377289,288078,47901,291,66,0,0,66.000,731.05
1026761,421949,868347,34525,334,66,0,0,66.000,731.05
1026761,130277,272549,13914,334,66,0,0,66.000,731.05
1026761,675008,361744,797,292,66,0,0,66.000,731.05
1027853,692457,827644,47525,292,66,0,0,66.000,502.74
1027853,890243,568224,4385,333,66,0,0,66.000,502.74
1027853,402077,615447,26937,292,66,0,0,66.000,502.74
1027853,733407,259944,8138,291,66,0,0,66.000,502.74
1027853,741714,193650,11569,333,66,0,0,66.000,502.74
1027853,556663,827911,17426,292,66,0,0,66.000,502.74
1027853,319566,806106,10121,292,66,0,0,66.000,502.74
1027853,1027041,846627,4270,292,66,0,0,66.000,502.74
1027853,529921,819038,1225,709,66,0,0,66.000,502.74
1027853,312744,870846,2566,333,66,0,0,66.000,502.74
1027853,30793,793404,24692,291,66,0,0,66.000,502.74
1027853,863955,173616,6620,334,66,0,0,66.000,502.74
1027853,251882,30508,29452,334,66,0,0,66.000,502.74
1027853,886226,344794,27996,334,66,0,0,66.000,502.74
1027853,154990,414046,17708,334,66,0,0,66.000,502.74
1027853,5603,140111,16622,334,66,0,0,66.000,502.74
1027853,999938,478347,4831,292,66,0,0,66.000,502.74
1027853,139716,256230,6408,291,66,0,0,66.000,502.74
1027853,6158,606263,14678,291,66,0,0,66.000,502.74
1027853,596397,272383,23114,292,66,0,0,66.000,502.74
1028597,1000585,114263,11088,292,66,0,0,66.000,481.80
1028597,662100,910123,8773,292,66,0,0,66.000,481.80
1028597,1018975,975164,30463,292,66,0,0,66.000,481.80
1028597,932248,541790,1955,334,66,0,0,66.000,481.80
1028597,149047,459880,23977,333,66,0,0,66.000,481.80
1028597,431452,677980,8528,292,66,0,0,66.000,481.80
1028597,617838,617252,7458,292,66,0,0,66.000,481.80
1028597,407706,768732,3832,350,66,0,0,66.000,481.80
1028597,33185,249462,4196,291,66,0,0,66.000,481.80
1028597,256493,516711,8446,292,66,0,0,66.000,481.80
1028597,461527,477307,20556,333,66,0,0,66.000,481.80
1028597,673970,455082,10562,333,66,0,0,66.000,481.80
1028597,347756,475419,33270,292,66,0,0,66.000,481.80
1028597,251496,564150,2783,292,66,0,0,66.000,481.80
1028597,333125,450620,1896,334,66,0,0,66.000,481.80
1028597,887984,582416,27288,292,66,0,0,66.000,481.80
1028597,155856,394607,5914,291,66,0,0,66.000,481.80
1028597,376734,581495,1813,334,66,0,0,66.000,481.80
1028597,802897,532681,52534,292,66,0,0,66.000,481.80
1028597,1013304,708535,32990,333,66,0,0,66.000,481.80
1028843,412738,422648,6346,334,66,0,0,66.000,264.99
1028843,664008,837546,1463,292,66,0,0,66.000,264.99
1028843,519947,549325,1270,708,66,0,0,66.000,264.99
1028843,407781,911737,115,292,66,0,0,66.000,264.99
1028843,212449,166322,5541,291,66,0,0,66.000,264.99
1028843,885537,743325,5397,708,66,0,0,66.000,264.99
1028843,259682,828103,1074,333,66,0,0,66.000,264.99
1028843,218567,763938,66,333,66,0,0,66.000,264.99
1028843,758130,295620,28852,333,66,0,0,66.000,264.99
1028843,280917,676204,3923,333,66,0,0,66.000,264.99
1028843,737547,657569,14153,292,66,0,0,66.000,264.99
1028843,753190,90848,1584,291,66,0,0,66.000,264.99
1028843,140104,599537,19175,292,66,0,0,66.000,264.99
1028843,516374,126674,14969,333,66,0,0,66.000,264.99
1028843,770334,654975,33297,334,66,0,0,66.000,264.99
1028843,108054,206268,419,333,66,0,0,66.000,264.99
1028843,889988,1020741,1823,333,66,0,0,66.000,264.99
1028843,745805,798135,8029,292,66,0,0,66.000,264.99
1028843,361393,184083,17880,291,66,0,0,66.000,264.99
1028843,469646,1017727,2525,334,66,0,0,66.000,264.99
1033007,859524,218388,214,333,66,0,0,66.000,97.65
1033007,476317,775805,4298,292,66,0,0,66.000,97.65
1033007,243749,295053,430,292,66,0,0,66.000,97.65
1033007,303388,612607,4859,291,66,0,0,66.000,97.65
1033007,944865,469839,5,708,66,0,0,66.000,97.65
1033007,849977,545296,1687,292,66,0,0,66.000,97.65
1033007,26025,104940,499,292,66,0,0,66.000,97.65
1033007,451035,483638,9622,292,66,0,0,66.000,97.65
1033007,275871,124541,6553,291,66,0,0,66.000,97.65
1033007,235944,839640,1212,291,66,0,0,66.000,97.65
1033007,641625,662072,457,292,66,0,0,66.000,97.65
1033007,454367,703761,3764,292,66,0,0,66.000,97.65
1033007,874292,343742,7,292,66,0,0,66.000,97.65
1033007,262215,764650,2568,333,66,0,0,66.000,97.65
1033007,900725,369229,12783,333,66,0,0,66.000,97.65
1033007,946226,702108,3621,292,66,0,0,66.000,97.65
1033007,378903,279638,2011,708,66,0,0,66.000,97.65
1033007,400758,515344,5464,333,66,0,0,66.000,97.65
1033007,190035,576801,634,333,66,0,0,66.000,97.65
1033007,48114,622968,1275,333,66,0,0,66.000,97.65
1033421,900888,836228,717,291,66,0,0,66.000,57.83
1033421,628692,646292,1136,292,66,0,0,66.000,57.83
1033421,595521,275096,2084,292,66,0,0,66.000,57.83
1033421,344172,558135,3584,291,66,0,0,66.000,57.83
1033421,334476,283423,1484,292,66,0,0,66.000,57.83
1033421,89432,698852,713,292,66,0,0,66.000,57.83
1033421,90622,904330,3770,292,66,0,0,66.000,57.83
1033421,181528,692800,1383,333,66,0,0,66.000,57.83
1033421,204119,363048,1884,333,66,0,0,66.000,57.83
1033421,817204,655259,802,292,66,0,0,66.000,57.83
1033421,116490,34001,871,292,66,0,0,66.000,57.83
1033421,51627,283613,338,333,66,0,0,66.000,57.83
1033421,541506,420000,1129,292,66,0,0,66.000,57.83
1033421,14853,137839,302,292,66,0,0,66.000,57.83
1033421,1021674,169428,56,333,66,0,0,66.000,57.83
1033421,206789,73389,4273,292,66,0,0,66.000,57.83
1033421,584731,888366,299,334,66,0,0,66.000,57.83
1033421,879781,983487,4962,292,66,0,0,66.000,57.83
1033421,472327,905511,2008,750,66,0,0,66.000,57.83
1033421,188243,965228,4821,750,66,0,0,66.000,57.83
1033663,154983,179490,10128,291,66,0,0,66.000,324.20
1033663,481791,952463,12997,310,66,0,0,66.000,324.20
1033663,168682,773250,5812,291,66,0,0,66.000,324.20
1033663,482899,197070,565,333,66,0,0,66.000,324.20
1033663,314013,249187,8963,292,66,0,0,66.000,324.20
1033663,614321,579316,7728,750,66,0,0,66.000,324.20
1033663,459702,748673,6460,292,66,0,0,66.000,324.20
1033663,380491,556649,1707,292,66,0,0,66.000,324.20
1033663,749726,679198,17093,292,66,0,0,66.000,324.20
1033663,929071,322830,3840,333,66,0,0,66.000,324.20
1033663,962804,45760,32756,291,66,0,0,66.000,324.20
1033663,766286,936047,23213,333,66,0,0,66.000,324.20
1033663,234650,369412,5561,292,66,0,0,66.000,324.20
1033663,369150,713781,3838,291,66,0,0,66.000,324.20
1033663,679196,773942,23401,333,66,0,0,66.000,324.20
1033663,263847,330284,805,292,66,0,0,66.000,324.20
1033663,1028743,905626,346,292,66,0,0,66.000,324.20
1033663,96527,740714,10060,708,66,0,0,66.000,324.20
1033663,780163,146507,27977,333,66,0,0,66.000,324.20
1033663,301401,105313,1706,292,66,0,0,66.000,324.20
1035649,925127,188524,5984,334,66,0,0,66.000,364.36
1035649,12401,758427,14069,292,66,0,0,66.000,364.36
1035649,568244,1009548,32314,291,66,0,0,66.000,364.36
1035649,319329,798739,8212,292,66,0,0,66.000,364.36
1035649,1001100,715752,876,708,66,0,0,66.000,364.36
1035649,197081,319196,1460,709,66,0,0,66.000,364.36
1035649,867255,335776,2012,333,66,0,0,66.000,364.36
1035649,199082,140463,36695,291,66,0,0,66.000,364.36
1035649,538270,253807,3295,291,66,0,0,66.000,364.36
1035649,329772,487068,3365,334,66,0,0,66.000,364.36
1035649,835689,681462,3079,333,66,0,0,66.000,364.36
1035649,136042,825259,12680,291,66,0,0,66.000,364.36
1035649,1026791,1006940,9491,292,66,0,0,66.000,364.36
1035649,129932,710940,35709,292,66,0,0,66.000,364.36
1035649,917702,31018,14916,708,66,0,0,66.000,364.36
1035649,392133,75427,1416,333,66,0,0,66.000,364.36
1035649,824642,697952,2915,292,66,0,0,66.000,364.36
1035649,670418,73397,29956,334,66,0,0,66.000,364.36
1035649,557315,260615,10863,333,66,0,0,66.000,364.36
1035649,599383,716457,1156,292,66,0,0,66.000,364.36
1036271,503223,417298,4949,291,66,0,0,66.000,440.84
1036271,797418,293879,7742,291,66,0,0,66.000,440.84
1036271,319613,692679,2822,333,66,0,0,66.000,440.84
1036271,347439,902870,10096,292,66,0,0,66.000,440.84
1036271,129102,593373,4396,292,66,0,0,66.000,440.84
1036271,505286,831730,150,292,66,0,0,66.000,440.84
1036271,810496,650484,2461,333,66,0,0,66.000,440.84
1036271,1008061,42400,7050,750,66,0,0,66.000,440.84
1036271,432757,783824,6130,291,66,0,0,66.000,440.84
1036271,629901,932875,17432,416,66,0,0,66.000,440.84
1036271,184030,594763,9605,292,66,0,0,66.000,440.84
1036271,349636,802622,44580,334,66,0,0,66.000,440.84
1036271,751647,244030,1288,708,66,0,0,66.000,440.84
1036271,521478,40846,36830,292,66,0,0,66.000,440.84
1036271,635773,245148,32499,333,66,0,0,66.000,440.84
1036271,830487,465159,1936,333,66,0,0,66.000,440.84
1036271,985224,892301,6137,333,66,0,0,66.000,440.84
1036271,807368,708473,19267,291,66,0,0,66.000,440.84
1036271,503523,875649,25718,333,66,0,0,66.000,440.84
1036271,739958,818423,38501,333,66,0,0,66.000,440.84
1037303,9062,810429,4604,291,66,0,0,66.000,129.72
1037303,722704,1003897,6561,292,66,0,0,66.000,129.72
1037303,127504,262491,1249,334,66,0,0,66.000,129.72
1037303,728014,903944,1816,750,66,0,0,66.000,129.72
1037303,1032054,483802,4180,292,66,0,0,66.000,129.72
1037303,736436,118645,1015,334,66,0,0,66.000,129.72
1037303,1007022,989947,4141,292,66,0,0,66.000,129.72
1037303,383176,464285,10068,334,66,0,0,66.000,129.72
1037303,59701,633069,17967,333,66,0,0,66.000,129.72
1037303,185145,475547,822,292,66,0,0,66.000,129.72
1037303,545920,940413,1422,334,66,0,0,66.000,129.72
1037303,434186,676390,4728,333,66,0,0,66.000,129.72
1037303,520504,943917,4340,291,66,0,0,66.000,129.72
1037303,751143,282380,1018,292,66,0,0,66.000,129.72
1037303,709997,805187,403,334,66,0,0,66.000,129.72
1037303,9691,1030721,6117,333,66,0,0,66.000,129.72
1037303,557983,707238,957,291,66,0,0,66.000,129.72
1037303,638579,691834,9177,333,66,0,0,66.000,129.72
1037303,843089,27954,1226,291,66,0,0,66.000,129.72
1037303,433088,92621,363,292,66,0,0,66.000,129.72
1039033,989625,845171,2995,333,66,0,0,66.000,375.62
1039033,975579,39900,3643,291,66,0,0,66.000,375.62
1039033,175150,711802,7371,291,66,0,0,66.000,375.62
1039033,172541,673478,1702,292,66,0,0,66.000,375.62
1039033,626624,517766,5972,292,66,0,0,66.000,375.62
1039033,633672,484011,13652,292,66,0,0,66.000,375.62
1039033,26433,944784,2422,750,66,0,0,66.000,375.62
1039033,785575,532688,2447,292,66,0,0,66.000,375.62
1039033,430621,836388,14748,291,66,0,0,66.000,375.62
1039033,457825,573560,39047,333,66,0,0,66.000,375.62
1039033,834449,336843,3579,333,66,0,0,66.000,375.62
1039033,697748,589157,6883,750,66,0,0,66.000,375.62
1039033,774585,8263,8924,333,66,0,0,66.000,375.62
1039033,565467,1035873,10555,333,66,0,0,66.000,375.62
1039033,816041,454977,31838,292,66,0,0,66.000,375.62
1039033,156858,690605,54202,333,66,0,0,66.000,375.62
1039033,537359,429231,14173,292,66,0,0,66.000,375.62
1039033,1038740,787080,1911,334,66,0,0,66.000,375.62
1039033,501618,686728,204,291,66,0,0,66.000,375.62
1039033,485825,639116,11310,334,66,0,0,66.000,375.62
1040159,704976,552383,957,292,66,0,0,66.000,191.49
1040159,601640,307440,3258,333,66,0,0,66.000,191.49
1040159,536538,98355,3750,334,66,0,0,66.000,191.49
1040159,451186,52740,6131,292,66,0,0,66.000,191.49
1040159,901426,322553,11156,291,66,0,0,66.000,191.49
1040159,1034175,269348,10334,292,66,0,0,66.000,191.49
1040159,158710,429980,10499,292,66,0,0,66.000,191.49
1040159,989642,955618,1213,291,66,0,0,66.000,191.49
1040159,1001528,681742,6255,750,66,0,0,66.000,191.49
1040159,449517,569858,4101,334,66,0,0,66.000,191.49
1040159,841509,287205,20163,292,66,0,0,66.000,191.49
1040159,412744,885251,4310,351,66,0,0,66.000,191.49
1040159,543367,986382,11971,333,66,0,0,66.000,191.49
1040159,901426,1069,5050,750,66,0,0,66.000,191.49
1040159,53002,317940,5814,292,66,0,0,66.000,191.49
1040159,147656,734062,1024,291,66,0,0,66.000,191.49
1040159,832555,141083,121,333,66,0,0,66.000,191.49
1040159,658808,690708,532,292,66,0,0,66.000,191.49
1040159,59435,148227,3337,292,66,0,0,66.000,191.49
1040159,521117,467949,11472,708,66,0,0,66.000,191.49
1043839,820436,408877,29586,292,66,0,0,66.000,264.11
1043839,767263,337957,693,292,66,0,0,66.000,264.11
1043839,211185,646461,3494,291,66,0,0,66.000,264.11
1043839,692118,107446,1379,292,66,0,0,66.000,264.11
1043839,511163,487183,4494,291,66,0,0,66.000,264.11
1043839,267514,526583,1407,333,66,0,0,66.000,264.11
1043839,680658,515076,8485,334,66,0,0,66.000,264.11
1043839,256528,892964,7086,708,66,0,0,66.000,264.11
1043839,821756,711609,15672,334,66,0,0,66.000,264.11
1043839,422750,659573,10894,333,66,0,0,66.000,264.11
1043839,1002986,107338,841,292,66,0,0,66.000,264.11
1043839,634533,608464,1723,292,66,0,0,66.000,264.11
1043839,685459,24136,16829,375,66,0,0,66.000,264.11
1043839,616369,1034479,5455,333,66,0,0,66.000,264.11
1043839,362323,189842,5206,708,66,0,0,66.000,264.11
1043839,318176,30469,4696,292,66,0,0,66.000,264.11
1043839,318406,271882,12560,291,66,0,0,66.000,264.11
1043839,69737,332112,5449,292,66,0,0,66.000,264.11
1043839,31,682381,323,292,66,0,0,66.000,264.11
1043839,416357,608938,30968,291,66,0,0,66.000,264.11
1046413,561237,438437,210,334,66,0,0,66.000,506.96
1046413,959860,1034269,3381,833,66,0,0,66.000,506.96
1046413,83554,683326,2991,334,66,0,0,66.000,506.96
1046413,411033,668365,38522,709,66,0,0,66.000,506.96
1046413,641637,927844,35881,292,66,0,0,66.000,506.96
1046413,767247,601085,9014,292,66,0,0,66.000,506.96
1046413,559813,362096,448,291,66,0,0,66.000,506.96
1046413,137142,590475,22803,291,66,0,0,66.000,506.96
1046413,908725,512654,8280,708,66,0,0,66.000,506.96
1046413,32435,143467,34494,334,66,0,0,66.000,506.96
1046413,845077,687739,18699,333,66,0,0,66.000,506.96
1046413,941756,45287,6799,292,66,0,0,66.000,506.96
1046413,844204,424756,41675,333,66,0,0,66.000,506.96
1046413,485838,207125,7357,292,66,0,0,66.000,506.96
1046413,933957,542999,7444,291,66,0,0,66.000,506.96
1046413,866726,788991,32242,292,66,0,0,66.000,506.96
1046413,597762,269472,7827,334,66,0,0,66.000,506.96
1046413,969127,1043769,8626,292,66,0,0,66.000,506.96
1046413,721751,289954,11010,333,66,0,0,66.000,506.96
1046413,902133,550547,17215,708,66,0,0,66.000,506.96
1047229,429564,997180,5910,333,66,0,0,66.000,205.61
1047229,834727,660751,3267,333,66,0,0,66.000,205.61
1047229,36149,945754,4165,291,66,0,0,66.000,205.61
1047229,266463,974916,4150,333,66,0,0,66.000,205.61
1047229,197036,503752,4456,334,66,0,0,66.000,205.61
1047229,284185,987051,9040,292,66,0,0,66.000,205.61
1047229,323187,337373,1601,291,66,0,0,66.000,205.61
1047229,327709,577113,649,292,66,0,0,66.000,205.61
1047229,550180,668281,7528,292,66,0,0,66.000,205.61
1047229,206797,31024,12700,350,66,0,0,66.000,205.61
1047229,478847,104047,3039,292,66,0,0,66.000,205.61
1047229,946093,675764,2911,334,66,0,0,66.000,205.61
1047229,282577,875899,1649,334,66,0,0,66.000,205.61
1047229,296383,208388,13824,334,66,0,0,66.000,205.61
1047229,690295,960276,6349,292,66,0,0,66.000,205.61
1047229,96087,573881,8146,292,66,0,0,66.000,205.61
1047229,802432,504721,3436,333,66,0,0,66.000,205.61
1047229,478847,683719,15158,333,66,0,0,66.000,205.61
1047229,582768,683116,6191,292,66,0,0,66.000,205.61
1047229,165994,630979,16386,292,66,0,0,66.000,205.61
1053259,89870,475082,7867,291,66,0,0,66.000,289.90
1053259,771875,945579,3382,291,66,0,0,66.000,289.90
1053259,15500,119810,7421,334,66,0,0,66.000,289.90
1053259,276944,837881,18204,291,66,0,0,66.000,289.90
1053259,937327,185531,15587,334,66,0,0,66.000,289.90
1053259,77108,290970,2216,292,66,0,0,66.000,289.90
1053259,583372,481895,5973,292,66,0,0,66.000,289.90
1053259,1051018,865219,31668,750,66,0,0,66.000,289.90
1053259,142275,359178,8941,291,66,0,0,66.000,289.90
1053259,395293,853820,5247,292,66,0,0,66.000,289.90
1053259,232599,913032,1581,292,66,0,0,66.000,289.90
1053259,232573,53663,22903,292,66,0,0,66.000,289.90
1053259,979950,57862,732,292,66,0,0,66.000,289.90
1053259,28959,210565,4675,333,66,0,0,66.000,289.90
1053259,386736,542112,16116,292,66,0,0,66.000,289.90
1053259,455456,998165,15490,333,66,0,0,66.000,289.90
1053259,69129,1014606,1211,333,66,0,0,66.000,289.90
1053259,683764,868506,8501,334,66,0,0,66.000,289.90
1053259,545651,798284,512,350,66,0,0,66.000,289.90
1053259,933348,829302,5468,334,66,0,0,66.000,289.90
1054483,700901,485725,48204,292,66,0,0,66.000,510.81
1054483,500070,211153,203,333,66,0,0,66.000,510.81
1054483,963697,146705,3278,291,66,0,0,66.000,510.81
1054483,192250,847088,7903,375,66,0,0,66.000,510.81
1054483,338380,830301,568,334,66,0,0,66.000,510.81
1054483,338892,14298,1886,291,66,0,0,66.000,510.81
1054483,191183,1004665,17197,291,66,0,0,66.000,510.81
1054483,297552,336148,15102,310,66,0,0,66.000,510.81
1054483,855811,513603,31983,334,66,0,0,66.000,510.81
1054483,701249,418162,53370,334,66,0,0,66.000,510.81
1054483,473200,286092,9162,292,66,0,0,66.000,510.81
1054483,997511,260591,8168,334,66,0,0,66.000,510.81
1054483,103780,715854,799,334,66,0,0,66.000,510.81
1054483,70501,932349,1341,750,66,0,0,66.000,510.81
1054483,864714,612325,1336,334,66,0,0,66.000,510.81
1054483,476808,809104,3040,333,66,0,0,66.000,510.81
1054483,653025,768894,60319,334,66,0,0,66.000,510.81
1054483,285533,964396,5005,292,66,0,0,66.000,510.81
1054483,320934,765442,12285,333,66,0,0,66.000,510.81
1054483,306750,227870,42811,292,66,0,0,66.000,510.81
1054853,119844,655724,5069,333,66,0,0,66.000,180.32
1054853,558744,571408,1385,292,66,0,0,66.000,180.32
1054853,657675,561855,5854,292,66,0,0,66.000,180.32
1054853,564896,398907,2931,292,66,0,0,66.000,180.32
1054853,467589,92999,19072,334,66,0,0,66.000,180.32
1054853,404935,281545,1623,334,66,0,0,66.000,180.32
1054853,599202,204185,19689,292,66,0,0,66.000,180.32
1054853,818761,207989,8313,333,66,0,0,66.000,180.32
1054853,937228,900711,306,291,66,0,0,66.000,180.32
1054853,595362,719506,1020,334,66,0,0,66.000,180.32
1054853,861546,999715,2223,334,66,0,0,66.000,180.32
1054853,1040505,102138,14086,292,66,0,0,66.000,180.32
1054853,68848,58937,765,333,66,0,0,66.000,180.32
1054853,182018,837897,6893,291,66,0,0,66.000,180.32
1054853,14957,469646,270,333,66,0,0,66.000,180.32
1054853,204866,946716,400,333,66,0,0,66.000,180.32
1054853,621478,826068,8744,334,66,0,0,66.000,180.32
1054853,761697,80391,4855,292,66,0,0,66.000,180.32
1054853,924971,857114,5481,291,66,0,0,66.000,180.32
1054853,413176,276368,4576,267,66,0,0,66.000,180.32
1055143,388475,722888,8034,333,66,0,0,66.000,157.34
1055143,660217,160034,2849,333,66,0,0,66.000,157.34
1055143,243930,674672,475,292,66,0,0,66.000,157.34
1055143,559318,319118,1541,334,66,0,0,66.000,157.34
1055143,617008,810367,1557,292,66,0,0,66.000,157.34
1055143,624048,996107,10933,292,66,0,0,66.000,157.34
1055143,707276,178535,12020,292,66,0,0,66.000,157.34
1055143,125650,855704,7807,292,66,0,0,66.000,157.34
1055143,668276,129348,4440,333,66,0,0,66.000,157.34
1055143,711192,775705,524,292,66,0,0,66.000,157.34
1055143,480513,367490,4560,292,66,0,0,66.000,157.34
1055143,326984,443283,413,291,66,0,0,66.000,157.34
1055143,439815,765419,2411,291,66,0,0,66.000,157.34
1055143,992239,80392,2158,292,66,0,0,66.000,157.34
1055143,469487,109082,14146,292,66,0,0,66.000,157.34
1055143,457571,181603,3754,334,66,0,0,66.000,157.34
1055143,415278,768736,10149,291,66,0,0,66.000,157.34
1055143,73273,782841,8331,292,66,0,0,66.000,157.34
1055143,211805,918695,1630,291,66,0,0,66.000,157.34
1055143,148881,939531,906,333,66,0,0,66.000,157.34
1055531,642964,1017090,9618,291,66,0,0,66.000,197.79
1055531,100239,865068,6415,291,66,0,0,66.000,197.79
1055531,478899,742110,12406,291,66,0,0,66.000,197.79
1055531,114174,646926,5328,292,66,0,0,66.000,197.79
1055531,651135,839192,896,334,66,0,0,66.000,197.79
1055531,862464,1053103,4535,292,66,0,0,66.000,197.79
1055531,673226,901502,3628,333,66,0,0,66.000,197.79
1055531,485985,205741,4237,292,66,0,0,66.000,197.79
1055531,828479,1013165,2504,292,66,0,0,66.000,197.79
1055531,401557,992096,4163,333,66,0,0,66.000,197.79
1055531,529947,644808,8102,708,66,0,0,66.000,197.79
1055531,250572,827664,7217,334,66,0,0,66.000,197.79
1055531,822621,916672,9302,333,66,0,0,66.000,197.79
1055531,942217,816910,17687,291,66,0,0,66.000,197.79
1055531,814125,686414,1875,333,66,0,0,66.000,197.79
1055531,243484,196508,12022,750,66,0,0,66.000,197.79
1055531,23384,763180,2599,750,66,0,0,66.000,197.79
1055531,133659,601082,5542,333,66,0,0,66.000,197.79
1055531,334728,1041578,6029,333,66,0,0,66.000,197.79
1055531,1760,601094,1666,292,66,0,0,66.000,197.79
1056089,712797,112426,3763,333,66,0,0,66.000,309.68
1056089,747976,172929,19065,292,66,0,0,66.000,309.68
1056089,94694,573170,4316,333,66,0,0,66.000,309.68
1056089,654052,286030,26087,333,66,0,0,66.000,309.68
1056089,529400,44757,16556,708,66,0,0,66.000,309.68
1056089,807688,994341,1096,750,66,0,0,66.000,309.68
1056089,84863,557926,8152,292,66,0,0,66.000,309.68
1056089,697642,316782,28108,333,66,0,0,66.000,309.68
1056089,781403,750019,6872,292,66,0,0,66.000,309.68
1056089,769808,452291,3118,291,66,0,0,66.000,309.68
1056089,75286,746594,593,292,66,0,0,66.000,309.68
1056089,935463,770812,1468,333,66,0,0,66.000,309.68
1056089,152975,903292,609,292,66,0,0,66.000,309.68
1056089,528358,647785,4538,291,66,0,0,66.000,309.68
1056089,457183,308473,1584,292,66,0,0,66.000,309.68
1056089,854835,634808,4228,292,66,0,0,66.000,309.68
1056089,568520,262867,31296,292,66,0,0,66.000,309.68
1056089,487425,570218,7500,308,66,0,0,66.000,309.68
1056089,767881,271733,12350,333,66,0,0,66.000,309.68
1056089,415816,715833,11794,291,66,0,0,66.000,309.68
1058077,147557,15982,419,292,66,0,0,66.000,248.36
1058077,102221,412428,8761,708,66,0,0,66.000,248.36
1058077,911673,284733,1574,292,66,0,0,66.000,248.36
1058077,1052237,813594,4851,333,66,0,0,66.000,248.36
1058077,368283,194544,5210,333,66,0,0,66.000,248.36
1058077,475845,241136,10264,292,66,0,0,66.000,248.36
1058077,581164,127383,3464,334,66,0,0,66.000,248.36
1058077,872265,528578,14963,292,66,0,0,66.000,248.36
1058077,842157,32442,6347,333,66,0,0,66.000,248.36
1058077,772938,935032,4499,292,66,0,0,66.000,248.36
1058077,1039453,990539,27858,292,66,0,0,66.000,248.36
1058077,10607,551616,10750,333,66,0,0,66.000,248.36
1058077,955481,865905,9926,291,66,0,0,66.000,248.36
1058077,10607,1035000,1103,292,66,0,0,66.000,248.36
1058077,326675,803935,12357,291,66,0,0,66.000,248.36
1058077,354527,1026270,7390,333,66,0,0,66.000,248.36
1058077,236649,860489,3950,333,66,0,0,66.000,248.36
1058077,693544,805833,18108,292,66,0,0,66.000,248.36
1058077,901080,707162,4322,333,66,0,0,66.000,248.36
1058077,670226,464517,1600,333,66,0,0,66.000,248.36
1058153,235026,21540,9233,292,66,0,0,66.000,128.88
1058153,626186,559417,2539,333,66,0,0,66.000,128.88
1058153,423927,11087,1357,292,66,0,0,66.000,128.88
1058153,375070,572081,891,708,66,0,0,66.000,128.88
1058153,242645,681576,5182,291,66,0,0,66.000,128.88
1058153,785634,737138,1655,292,66,0,0,66.000,128.88
1058153,42779,770583,1948,292,66,0,0,66.000,128.88
1058153,555649,106936,482,292,66,0,0,66.000,128.88
1058153,244838,644311,2504,333,66,0,0,66.000,128.88
1058153,125028,174187,4438,291,66,0,0,66.000,128.88
1058153,1049695,469914,8097,291,66,0,0,66.000,128.88
1058153,708751,425882,10247,291,66,0,0,66.000,128.88
1058153,385184,613304,1172,334,66,0,0,66.000,128.88
1058153,884546,629061,5292,291,66,0,0,66.000,128.88
1058153,989720,36875,14840,291,66,0,0,66.000,128.88
1058153,279845,197276,3671,291,66,0,0,66.000,128.88
1058153,576231,221707,747,291,66,0,0,66.000,128.88
1058153,235285,903039,5117,291,66,0,0,66.000,128.88
1058153,451053,713980,744,334,66,0,0,66.000,128.88
1058153,66230,184603,1809,334,66,0,0,66.000,128.88
1061969,189933,477666,6570,333,66,0,0,66.000,598.49
1061969,237954,396270,5716,291,66,0,0,66.000,598.49
1061969,925969,953083,77625,292,66,0,0,66.000,598.49
1061969,911,946167,874,334,66,0,0,66.000,598.49
1061969,258036,986295,1145,292,66,0,0,66.000,598.49
1061969,994186,939762,34234,334,66,0,0,66.000,598.49
1061969,1038451,113639,29591,292,66,0,0,66.000,598.49
1061969,449708,466093,10920,292,66,0,0,66.000,598.49
1061969,210324,582074,10431,333,66,0,0,66.000,598.49
1061969,543620,3931,13330,291,66,0,0,66.000,598.49
1061969,250352,347271,5786,292,66,0,0,66.000,598.49
1061969,571068,933796,8348,292,66,0,0,66.000,598.49
1061969,1000818,358648,45333,291,66,0,0,66.000,598.49
1061969,363482,938619,21153,334,66,0,0,66.000,598.49
1061969,285685,444362,9979,291,66,0,0,66.000,598.49
1061969,369431,95846,17781,708,66,0,0,66.000,598.49
1061969,1050344,796396,27782,334,66,0,0,66.000,598.49
1061969,12450,447445,19560,292,66,0,0,66.000,598.49
1061969,825802,297536,28786,334,66,0,0,66.000,598.49
1061969,758074,494891,5147,292,66,0,0,66.000,598.49
1066313,856099,965850,5884,334,66,0,0,66.000,144.05
1066313,518812,845610,131,333,66,0,0,66.000,144.05
1066313,1033931,850214,13723,291,66,0,0,66.000,144.05
1066313,582098,661419,2598,333,66,0,0,66.000,144.05
1066313,789816,984069,59,375,66,0,0,66.000,144.05
1066313,523317,193865,521,292,66,0,0,66.000,144.05
1066313,908912,883803,11972,333,66,0,0,66.000,144.05
1066313,932129,657481,2603,334,66,0,0,66.000,144.05
1066313,441961,67313,2525,708,66,0,0,66.000,144.05
1066313,712421,372443,13141,333,66,0,0,66.000,144.05
1066313,734649,313586,6581,333,66,0,0,66.000,144.05
1066313,706449,166327,1458,333,66,0,0,66.000,144.05
1066313,247007,922547,1164,291,66,0,0,66.000,144.05
1066313,767005,961365,1073,333,66,0,0,66.000,144.05
1066313,783951,844970,1170,292,66,0,0,66.000,144.05
1066313,458924,762766,4712,333,66,0,0,66.000,144.05
1066313,1064330,246212,6237,334,66,0,0,66.000,144.05
1066313,306779,519257,7209,291,66,0,0,66.000,144.05
1066313,1056641,24257,2353,291,66,0,0,66.000,144.05
1066313,129245,527091,6412,750,66,0,0,66.000,144.05
1066811,157059,44080,3622,292,66,0,0,66.000,427.02
1066811,415743,835205,9655,750,66,0,0,66.000,427.02
1066811,325253,859883,34607,292,66,0,0,66.000,427.02
1066811,272351,73975,10937,292,66,0,0,66.000,427.02
1066811,726984,966330,9595,292,66,0,0,66.000,427.02
1066811,250031,516366,52,291,66,0,0,66.000,427.02
1066811,209481,931378,2981,709,66,0,0,66.000,427.02
1066811,620690,811594,5963,291,66,0,0,66.000,427.02
1066811,1035677,386788,142,333,66,0,0,66.000,427.02
1066811,680327,147252,2580,292,66,0,0,66.000,427.02
1066811,794390,591643,21393,292,66,0,0,66.000,427.02
1066811,700580,716515,9085,333,66,0,0,66.000,427.02
1066811,1027920,9056,17295,291,66,0,0,66.000,427.02
1066811,817452,47970,11007,333,66,0,0,66.000,427.02
1066811,347074,923525,31025,333,66,0,0,66.000,427.02
1066811,306735,1050784,3880,292,66,0,0,66.000,427.02
1066811,171738,916744,28048,333,66,0,0,66.000,427.02
1066811,1043754,152629,5820,291,66,0,0,66.000,427.02
1066811,75014,335325,61453,292,66,0,0,66.000,427.02
1066811,384630,386781,1666,708,66,0,0,66.000,427.02
1067387,924225,954183,7826,291,66,0,0,66.000,240.53
1067387,912312,772143,4324,709,66,0,0,66.000,240.53
1067387,458361,723734,6739,333,66,0,0,66.000,240.53
1067387,499383,668870,2888,292,66,0,0,66.000,240.53
1067387,561883,55539,1211,291,66,0,0,66.000,240.53
1067387,789492,962080,2493,292,66,0,0,66.000,240.53
1067387,984081,16406,30438,291,66,0,0,66.000,240.53
1067387,977869,1029625,5535,291,66,0,0,66.000,240.53
1067387,152682,237703,7374,291,66,0,0,66.000,240.53
1067387,650063,33404,9007,709,66,0,0,66.000,240.53
1067387,415455,238656,38163,291,66,0,0,66.000,240.53
1067387,618518,929988,8664,709,66,0,0,66.000,240.53
1067387,377868,26169,1410,333,66,0,0,66.000,240.53
1067387,209450,4211,5499,709,66,0,0,66.000,240.53
1067387,591154,809664,2855,334,66,0,0,66.000,240.53
1067387,302364,152770,2156,292,66,0,0,66.000,240.53
1067387,33935,116977,5623,292,66,0,0,66.000,240.53
1067387,387619,796765,548,292,66,0,0,66.000,240.53
1067387,327647,66389,5522,333,66,0,0,66.000,240.53
1067387,44508,277599,3828,708,66,0,0,66.000,240.53
1068107,42861,633936,1807,833,66,0,0,66.000,85.77
1068107,779053,612858,347,291,66,0,0,66.000,85.77
1068107,721668,646649,915,334,66,0,0,66.000,85.77
1068107,7204,5803,5320,292,66,0,0,66.000,85.77
1068107,554333,61803,552,291,66,0,0,66.000,85.77
1068107,583574,896646,2706,333,66,0,0,66.000,85.77
1068107,218324,119360,9106,333,66,0,0,66.000,85.77
1068107,791785,952294,1551,334,66,0,0,66.000,85.77
1068107,635666,545265,4722,708,66,0,0,66.000,85.77
1068107,603080,373422,2166,292,66,0,0,66.000,85.77
1068107,384584,147947,3674,333,66,0,0,66.000,85.77
1068107,288,522919,623,333,66,0,0,66.000,85.77
1068107,569782,425217,1546,291,66,0,0,66.000,85.77
1068107,523491,830033,3068,333,66,0,0,66.000,85.77
1068107,349385,775593,457,334,66,0,0,66.000,85.77
1068107,613298,973485,1171,292,66,0,0,66.000,85.77
1068107,49755,862787,833,292,66,0,0,66.000,85.77
1068107,722281,1002213,7700,334,66,0,0,66.000,85.77
1068107,10377,605714,2844,333,66,0,0,66.000,85.77
1068107,718063,431836,3288,333,66,0,0,66.000,85.77
1074901,154854,606076,4710,292,66,0,0,66.000,190.55
1074901,856982,878339,5727,333,66,0,0,66.000,190.55
1074901,280987,799247,6701,334,66,0,0,66.000,190.55
1074901,577016,116167,623,333,66,0,0,66.000,190.55
1074901,353922,173114,5017,333,66,0,0,66.000,190.55
1074901,674433,543337,241,291,66,0,0,66.000,190.55
1074901,518082,753003,6448,309,66,0,0,66.000,190.55
1074901,589430,605061,6673,750,66,0,0,66.000,190.55
1074901,132659,773684,3718,291,66,0,0,66.000,190.55
1074901,844032,875154,8014,333,66,0,0,66.000,190.55
1074901,692171,875733,1003,333,66,0,0,66.000,190.55
1074901,463307,1000033,4811,292,66,0,0,66.000,190.55
1074901,132089,666616,3800,709,66,0,0,66.000,190.55
1074901,521407,285241,27604,333,66,0,0,66.000,190.55
1074901,949796,861662,380,333,66,0,0,66.000,190.55
1074901,241402,481737,6260,291,66,0,0,66.000,190.55
1074901,562889,400818,3470,292,66,0,0,66.000,190.55
1074901,336030,568140,7238,333,66,0,0,66.000,190.55
1074901,308400,233544,734,333,66,0,0,66.000,190.55
1074901,623125,1071192,17229,334,66,0,0,66.000,190.55
1074991,998389,213280,42,291,66,0,0,66.000,153.69
1074991,263137,134987,7199,708,66,0,0,66.000,153.69
1074991,85412,520993,6109,708,66,0,0,66.000,153.69
1074991,985990,498038,6567,750,66,0,0,66.000,153.69
1074991,473891,561414,11664,292,66,0,0,66.000,153.69
1074991,624514,234025,408,333,66,0,0,66.000,153.69
1074991,836095,861583,2163,292,66,0,0,66.000,153.69
1074991,29280,28084,1283,334,66,0,0,66.000,153.69
1074991,1064135,670723,1849,333,66,0,0,66.000,153.69
1074991,399419,68945,184,333,66,0,0,66.000,153.69
1074991,215420,918266,4033,292,66,0,0,66.000,153.69
1074991,906073,64660,538,708,66,0,0,66.000,153.69
1074991,748305,762942,4825,292,66,0,0,66.000,153.69
1074991,877126,158124,6642,291,66,0,0,66.000,153.69
1074991,580553,326885,16271,292,66,0,0,66.000,153.69
1074991,97336,429686,10477,292,66,0,0,66.000,153.69
1074991,192484,451087,8898,334,66,0,0,66.000,153.69
1074991,270687,58614,1990,291,66,0,0,66.000,153.69
1074991,987706,300106,381,292,66,0,0,66.000,153.69
1074991,574671,66496,6120,334,66,0,0,66.000,153.69
1076717,973926,1021743,807,292,66,0,0,66.000,546.26
1076717,829100,520451,5938,291,66,0,0,66.000,546.26
1076717,225945,829241,23940,291,66,0,0,66.000,546.26
1076717,730849,304161,14774,292,66,0,0,66.000,546.26
1076717,121980,257657,27670,292,66,0,0,66.000,546.26
1076717,206317,804930,4747,708,66,0,0,66.000,546.26
1076717,652552,29603,49522,292,66,0,0,66.000,546.26
1076717,656437,697284,24645,292,66,0,0,66.000,546.26
1076717,831196,26438,17875,291,66,0,0,66.000,546.26
1076717,11022,433595,26032,292,66,0,0,66.000,546.26
1076717,834827,897067,18311,292,66,0,0,66.000,546.26
1076717,281071,117554,29981,333,66,0,0,66.000,546.26
1076717,407536,707466,59130,291,66,0,0,66.000,546.26
1076717,299608,735046,3783,292,66,0,0,66.000,546.26
1076717,268895,353489,3359,291,66,0,0,66.000,546.26
1076717,429667,1014923,2054,291,66,0,0,66.000,546.26
1076717,48097,132107,10643,291,66,0,0,66.000,546.26
1076717,223736,671455,7598,292,66,0,0,66.000,546.26
1076717,326152,305550,4542,292,66,0,0,66.000,546.26
1076717,718220,168850,11262,292,66,0,0,66.000,546.26
1079821,486115,455475,5835,333,66,0,0,66.000,205.82
1079821,502582,908861,8683,334,66,0,0,66.000,205.82
1079821,1048161,866720,5123,334,66,0,0,66.000,205.82
1079821,859944,33790,14919,292,66,0,0,66.000,205.82
1079821,479485,80326,8635,334,66,0,0,66.000,205.82
1079821,682857,72292,1273,292,66,0,0,66.000,205.82
1079821,462176,346569,1565,291,66,0,0,66.000,205.82
1079821,31710,124928,6431,334,66,0,0,66.000,205.82
1079821,397211,1073305,12506,334,66,0,0,66.000,205.82
1079821,95338,999950,12443,292,66,0,0,66.000,205.82
1079821,86378,734919,839,708,66,0,0,66.000,205.82
1079821,564282,668530,4600,291,66,0,0,66.000,205.82
1079821,118738,309026,3801,292,66,0,0,66.000,205.82
1079821,250755,908337,14928,291,66,0,0,66.000,205.82
1079821,499587,860879,14146,334,66,0,0,66.000,205.82
1079821,748411,228395,751,333,66,0,0,66.000,205.82
1079821,171542,543311,6176,292,66,0,0,66.000,205.82
1079821,209055,327423,4458,291,66,0,0,66.000,205.82
1079821,219877,325634,813,334,66,0,0,66.000,205.82
1079821,237471,989796,2643,709,66,0,0,66.000,205.82
1080433,465903,692499,1520,292,66,0,0,66.000,101.48
1080433,761738,442655,3801,291,66,0,0,66.000,101.48
1080433,95740,515897,943,334,66,0,0,66.000,101.48
1080433,571769,174444,4171,333,66,0,0,66.000,101.48
1080433,613911,239013,3544,292,66,0,0,66.000,101.48
1080433,327433,449082,1411,708,66,0,0,66.000,101.48
1080433,1065734,773248,1064,334,66,0,0,66.000,101.48
1080433,310980,60748,2114,291,66,0,0,66.000,101.48
1080433,325834,1020387,5526,291,66,0,0,66.000,101.48
1080433,837743,578924,737,333,66,0,0,66.000,101.48
1080433,390793,178444,3304,291,66,0,0,66.000,101.48
1080433,257288,585063,7019,292,66,0,0,66.000,101.48
1080433,971460,159051,2658,292,66,0,0,66.000,101.48
1080433,230344,272446,3091,292,66,0,0,66.000,101.48
1080433,19958,566852,2423,292,66,0,0,66.000,101.48
1080433,485599,257527,13573,334,66,0,0,66.000,101.48
1080433,703881,173539,3414,333,66,0,0,66.000,101.48
1080433,920484,366398,2786,292,66,0,0,66.000,101.48
1080433,441597,2512,257,292,66,0,0,66.000,101.48
1080433,291724,384249,986,333,66,0,0,66.000,101.48
1082603,176695,238654,10596,291,66,0,0,66.000,251.64
1082603,221704,602297,11063,334,66,0,0,66.000,251.64
1082603,1053854,343022,3346,291,66,0,0,66.000,251.64
1082603,1055404,835983,636,291,66,0,0,66.000,251.64
1082603,977735,1039251,12757,333,66,0,0,66.000,251.64
1082603,433984,326640,5574,292,66,0,0,66.000,251.64
1082603,645840,1078462,13473,292,66,0,0,66.000,251.64
1082603,310287,394624,6470,334,66,0,0,66.000,251.64
1082603,60440,1044475,150,334,66,0,0,66.000,251.64
1082603,678555,156688,14956,333,66,0,0,66.000,251.64
1082603,560981,649974,1106,292,66,0,0,66.000,251.64
1082603,742504,651354,11777,708,66,0,0,66.000,251.64
1082603,736111,945526,16250,334,66,0,0,66.000,251.64
1082603,219600,728878,10769,334,66,0,0,66.000,251.64
1082603,775730,228737,9943,333,66,0,0,66.000,251.64
1082603,963526,564191,16042,333,66,0,0,66.000,251.64
1082603,681002,175409,4893,708,66,0,0,66.000,251.64
1082603,360897,529743,4058,292,66,0,0,66.000,251.64
1082603,261417,1051219,2530,291,66,0,0,66.000,251.64
1082603,1055938,704410,3112,291,66,0,0,66.000,251.64
1084793,463156,901823,8583,292,66,0,0,66.000,445.86
1084793,91419,212540,4783,708,66,0,0,66.000,445.86
1084793,547613,721609,28680,333,66,0,0,66.000,445.86
1084793,962164,865274,994,292,66,0,0,66.000,445.86
1084793,53055,130195,33063,333,66,0,0,66.000,445.86
1084793,382768,1033965,20167,292,66,0,0,66.000,445.86
1084793,882888,193922,2554,291,66,0,0,66.000,445.86
1084793,256313,246259,8265,333,66,0,0,66.000,445.86
1084793,18722,273366,12169,334,66,0,0,66.000,445.86
1084793,263638,341062,7181,708,66,0,0,66.000,445.86
1084793,737072,287074,6877,292,66,0,0,66.000,445.86
1084793,873572,228824,19457,292,66,0,0,66.000,445.86
1084793,347462,1029964,4353,333,66,0,0,66.000,445.86
1084793,730810,370313,1379,333,66,0,0,66.000,445.86
1084793,585467,67667,33598,333,66,0,0,66.000,445.86
1084793,465089,1067154,347,292,66,0,0,66.000,445.86
1084793,268809,85515,15720,333,66,0,0,66.000,445.86
1084793,73689,349752,10796,292,66,0,0,66.000,445.86
1084793,1042684,255939,31287,291,66,0,0,66.000,445.86
1084793,896865,156226,27266,292,66,0,0,66.000,445.86
1086809,375724,532160,1332,333,66,0,0,66.000,310.31
1086809,202027,1040854,10145,292,66,0,0,66.000,310.31
1086809,478652,987931,12808,292,66,0,0,66.000,310.31
1086809,723112,650032,4400,334,66,0,0,66.000,310.31
1086809,277573,798409,2354,292,66,0,0,66.000,310.31
1086809,97470,162661,6957,292,66,0,0,66.000,310.31
1086809,645052,410706,1145,292,66,0,0,66.000,310.31
1086809,501896,826196,40243,292,66,0,0,66.000,310.31
1086809,455907,179139,1036,333,66,0,0,66.000,310.31
1086809,486129,20408,11523,292,66,0,0,66.000,310.31
1086809,99799,439187,5978,291,66,0,0,66.000,310.31
1086809,450360,462678,1558,267,66,0,0,66.000,310.31
1086809,693552,298399,2736,292,66,0,0,66.000,310.31
1086809,711230,131218,25549,333,66,0,0,66.000,310.31
1086809,351800,724204,11769,292,66,0,0,66.000,310.31
1086809,659853,123005,1827,333,66,0,0,66.000,310.31
1086809,330871,583389,22386,292,66,0,0,66.000,310.31
1086809,636449,929658,12820,292,66,0,0,66.000,310.31
1086809,484117,951064,14876,334,66,0,0,66.000,310.31
1086809,701608,963731,5476,333,66,0,0,66.000,310.31
1088309,262220,370438,1817,292,66,0,0,66.000,97.29
1088309,737488,582417,4156,750,66,0,0,66.000,97.29
1088309,691415,959039,351,291,66,0,0,66.000,97.29
1088309,466604,1077261,72,333,66,0,0,66.000,97.29
1088309,254260,752557,4336,750,66,0,0,66.000,97.29
1088309,18925,199478,169,292,66,0,0,66.000,97.29
1088309,81036,26986,2546,291,66,0,0,66.000,97.29
1088309,133172,404,1046,333,66,0,0,66.000,97.29
1088309,291449,839323,5200,334,66,0,0,66.000,97.29
1088309,425081,1088285,2289,333,66,0,0,66.000,97.29
1088309,103619,758260,4021,292,66,0,0,66.000,97.29
1088309,243671,510840,7466,334,66,0,0,66.000,97.29
1088309,885180,1070897,1222,292,66,0,0,66.000,97.29
1088309,709293,913590,1242,292,66,0,0,66.000,97.29
1088309,809616,772856,3131,750,66,0,0,66.000,97.29
1088309,218617,231800,3433,292,66,0,0,66.000,97.29
1088309,655228,127619,166,292,66,0,0,66.000,97.29
1088309,54544,721422,1441,708,66,0,0,66.000,97.29
1088309,962606,230300,2700,333,66,0,0,66.000,97.29
1088309,60965,60917,14983,291,66,0,0,66.000,97.29
1089469,159121,1065724,6268,333,66,0,0,66.000,94.64
1089469,336608,104576,36,334,66,0,0,66.000,94.64
1089469,915902,952724,114,292,66,0,0,66.000,94.64
1089469,1028596,1039508,5414,291,66,0,0,66.000,94.64
1089469,457029,696276,4664,291,66,0,0,66.000,94.64
1089469,587997,198591,5127,750,66,0,0,66.000,94.64
1089469,637663,388237,1471,292,66,0,0,66.000,94.64
1089469,887074,523052,2156,292,66,0,0,66.000,94.64
1089469,436418,785984,5243,334,66,0,0,66.000,94.64
1089469,391702,1005783,2091,292,66,0,0,66.000,94.64
1089469,691628,347975,5100,292,66,0,0,66.000,94.64
1089469,306577,942866,1215,334,66,0,0,66.000,94.64
1089469,658843,619129,542,333,66,0,0,66.000,94.64
1089469,757628,606075,1609,292,66,0,0,66.000,94.64
1089469,88075,883565,1111,292,66,0,0,66.000,94.64
1089469,676506,484611,1857,334,66,0,0,66.000,94.64
1089469,564403,601847,3752,292,66,0,0,66.000,94.64
1089469,178235,273531,5438,334,66,0,0,66.000,94.64
1089469,76104,42205,4557,292,66,0,0,66.000,94.64
1089469,155399,388303,2350,333,66,0,0,66.000,94.64
1092269,682669,946033,3529,291,66,0,0,66.000,447.77
1092269,512678,292877,4590,333,66,0,0,66.000,447.77
1092269,121234,654273,12117,708,66,0,0,66.000,447.77
1092269,51479,6036,10773,291,66,0,0,66.000,447.77
1092269,755239,30011,1776,292,66,0,0,66.000,447.77
1092269,284783,974310,6053,291,66,0,0,66.000,447.77
1092269,39065,135514,973,292,66,0,0,66.000,447.77
1092269,773548,199105,36960,334,66,0,0,66.000,447.77
1092269,79303,80561,1047,291,66,0,0,66.000,447.77
1092269,66731,989702,802,292,66,0,0,66.000,447.77
1092269,796293,989170,82414,291,66,0,0,66.000,447.77
1092269,396443,186458,25377,292,66,0,0,66.000,447.77
1092269,656011,741503,5763,333,66,0,0,66.000,447.77
1092269,447280,526519,19831,709,66,0,0,66.000,447.77
1092269,125616,987746,844,333,66,0,0,66.000,447.77
1092269,884409,989268,7177,750,66,0,0,66.000,447.77
1092269,292302,639856,26073,292,66,0,0,66.000,447.77
1092269,395989,544210,8957,292,66,0,0,66.000,447.77
1092269,1068391,50743,10285,708,66,0,0,66.000,447.77
1092269,911365,869757,18429,291,66,0,0,66.000,447.77
1093109,532198,913974,10802,291,66,0,0,66.000,393.57
1093109,74397,882703,19550,833,66,0,0,66.000,393.57
1093109,469853,346556,2564,292,66,0,0,66.000,393.57
1093109,869672,191858,9554,291,66,0,0,66.000,393.57
1093109,271187,217951,7065,333,66,0,0,66.000,393.57
1093109,314083,206974,1757,292,66,0,0,66.000,393.57
1093109,594722,1055854,13545,292,66,0,0,66.000,393.57
1093109,1038800,329371,1413,292,66,0,0,66.000,393.57
1093109,385041,843197,4515,292,66,0,0,66.000,393.57
1093109,952727,634906,11541,292,66,0,0,66.000,393.57
1093109,860922,155454,60906,333,66,0,0,66.000,393.57
1093109,645047,1043236,14556,333,66,0,0,66.000,393.57
1093109,159644,436974,8476,292,66,0,0,66.000,393.57
1093109,732070,955038,29051,292,66,0,0,66.000,393.57
1093109,1052480,211372,3193,333,66,0,0,66.000,393.57
1093109,238600,432691,8359,291,66,0,0,66.000,393.57
1093109,766193,93655,19911,291,66,0,0,66.000,393.57
1093109,285086,357307,10206,291,66,0,0,66.000,393.57
1093109,793620,664863,11679,291,66,0,0,66.000,393.57
1093109,956733,548402,1225,310,66,0,0,66.000,393.57
1094183,418468,807205,28725,292,66,0,0,66.000,270.84
1094183,204846,406479,377,291,66,0,0,66.000,270.84
1094183,687191,92664,2979,708,66,0,0,66.000,270.84
1094183,592508,563391,1819,708,66,0,0,66.000,270.84
1094183,986673,642991,22977,333,66,0,0,66.000,270.84
1094183,623220,885076,1748,750,66,0,0,66.000,270.84
1094183,262880,732042,12317,291,66,0,0,66.000,270.84
1094183,905675,586961,26367,292,66,0,0,66.000,270.84
1094183,218519,888047,612,292,66,0,0,66.000,270.84
1094183,1003954,397198,1581,792,66,0,0,66.000,270.84
1094183,368059,737972,14482,292,66,0,0,66.000,270.84
1094183,204626,653694,461,333,66,0,0,66.000,270.84
1094183,989874,149466,18551,292,66,0,0,66.000,270.84
1094183,125633,773428,4366,292,66,0,0,66.000,270.84
1094183,804623,87317,5924,292,66,0,0,66.000,270.84
1094183,837568,891106,8434,292,66,0,0,66.000,270.84
1094183,548846,328416,10266,291,66,0,0,66.000,270.84
1094183,45553,832005,3559,333,66,0,0,66.000,270.84
1094183,64743,802658,5118,292,66,0,0,66.000,270.84
1094183,405183,386005,1122,333,66,0,0,66.000,270.84
1095071,236679,1080695,670,292,66,0,0,66.000,126.36
1095071,1008456,411280,670,334,66,0,0,66.000,126.36
1095071,450637,312888,1198,291,66,0,0,66.000,126.36
1095071,33594,142852,15352,333,66,0,0,66.000,126.36
1095071,1009810,87141,2311,292,66,0,0,66.000,126.36
1095071,173116,900572,55,334,66,0,0,66.000,126.36
1095071,579377,1054962,4200,292,66,0,0,66.000,126.36
1095071,637351,517250,4304,333,66,0,0,66.000,126.36
1095071,115914,784694,2839,334,66,0,0,66.000,126.36
1095071,288220,294167,12464,292,66,0,0,66.000,126.36
1095071,996411,405760,8011,417,66,0,0,66.000,126.36
1095071,536729,1016843,4677,292,66,0,0,66.000,126.36
1095071,9896,857830,696,333,66,0,0,66.000,126.36
1095071,368230,718721,1652,334,66,0,0,66.000,126.36
1095071,819942,495748,6324,334,66,0,0,66.000,126.36
1095071,720782,591753,5047,291,66,0,0,66.000,126.36
1095071,183513,1038922,5041,750,66,0,0,66.000,126.36
1095071,758134,994667,1684,334,66,0,0,66.000,126.36
1095071,1078463,376689,135,292,66,0,0,66.000,126.36
1095071,644875,81268,2904,292,66,0,0,66.000,126.36
1099717,36708,499187,12644,352,66,0,0,66.000,361.03
1099717,488039,964940,7860,708,66,0,0,66.000,361.03
1099717,50766,168531,2378,291,66,0,0,66.000,361.03
1099717,168647,402340,730,750,66,0,0,66.000,361.03
1099717,843164,313476,2185,333,66,0,0,66.000,361.03
1099717,379885,548881,21735,291,66,0,0,66.000,361.03
1099717,95337,832336,5878,292,66,0,0,66.000,361.03
1099717,31443,214298,6569,291,66,0,0,66.000,361.03
1099717,213019,664428,657,292,66,0,0,66.000,361.03
1099717,141321,237697,52670,291,66,0,0,66.000,361.03
1099717,391853,1036668,7138,292,66,0,0,66.000,361.03
1099717,305915,143310,6244,292,66,0,0,66.000,361.03
1099717,211490,743534,16250,292,66,0,0,66.000,361.03
1099717,991196,422457,11564,292,66,0,0,66.000,361.03
1099717,45092,651542,20999,333,66,0,0,66.000,361.03
1099717,438125,1002078,1777,333,66,0,0,66.000,361.03
1099717,608503,771222,11708,292,66,0,0,66.000,361.03
1099717,926659,209335,8413,292,66,0,0,66.000,361.03
1099717,805810,858828,24061,292,66,0,0,66.000,361.03
1099717,600506,887906,7602,292,66,0,0,66.000,361.03
1100977,240944,283507,32958,292,66,0,0,66.000,493.46
1100977,1044172,936738,329,291,66,0,0,66.000,493.46
1100977,104759,732208,6465,292,66,0,0,66.000,493.46
1100977,522554,556588,4091,291,66,0,0,66.000,493.46
1100977,210178,978843,27393,292,66,0,0,66.000,493.46
1100977,152562,813290,1859,333,66,0,0,66.000,493.46
1100977,179813,671595,27459,292,66,0,0,66.000,493.46
1100977,873112,439746,4006,291,66,0,0,66.000,493.46
1100977,466403,989434,23582,333,66,0,0,66.000,493.46
1100977,984952,683495,29211,333,66,0,0,66.000,493.46
1100977,640426,1018638,61041,292,66,0,0,66.000,493.46
1100977,60050,671697,18034,333,66,0,0,66.000,493.46
1100977,966265,619709,495,333,66,0,0,66.000,493.46
1100977,720098,979566,7217,292,66,0,0,66.000,493.46
1100977,74370,274486,12238,333,66,0,0,66.000,493.46
1100977,119015,871112,5345,708,66,0,0,66.000,493.46
1100977,1057159,387394,1499,334,66,0,0,66.000,493.46
1100977,240433,648649,5316,333,66,0,0,66.000,493.46
1100977,1098571,372772,10241,291,66,0,0,66.000,493.46
1100977,728941,169494,34193,333,66,0,0,66.000,493.46
1102823,3970,442291,3912,292,66,0,0,66.000,294.69
1102823,808456,681158,29170,333,66,0,0,66.000,294.69
1102823,657668,962477,1237,334,66,0,0,66.000,294.69
1102823,556977,833481,3149,334,66,0,0,66.000,294.69
1102823,767965,979425,43542,292,66,0,0,66.000,294.69
1102823,505264,1035998,575,291,66,0,0,66.000,294.69
1102823,116328,760981,6710,792,66,0,0,66.000,294.69
1102823,177900,156395,10731,708,66,0,0,66.000,294.69
1102823,745247,554794,42019,292,66,0,0,66.000,294.69
1102823,291999,308489,1679,334,66,0,0,66.000,294.69
1102823,146528,470437,4364,292,66,0,0,66.000,294.69
1102823,234110,479053,5870,334,66,0,0,66.000,294.69
1102823,855026,317674,4016,292,66,0,0,66.000,294.69
1102823,260037,866611,153,333,66,0,0,66.000,294.69
1102823,502219,13310,5323,292,66,0,0,66.000,294.69
1102823,966287,1040190,8359,292,66,0,0,66.000,294.69
1102823,539149,354006,4551,292,66,0,0,66.000,294.69
1102823,271059,282215,8500,333,66,0,0,66.000,294.69
1102823,669702,537116,1821,292,66,0,0,66.000,294.69
1102823,768631,881528,1104,333,66,0,0,66.000,294.69
1104427,497788,1063307,2951,333,66,0,0,66.000,156.91
1104427,895298,166415,1165,333,66,0,0,66.000,156.91
1104427,643466,857716,16822,333,66,0,0,66.000,156.91
1104427,457653,918348,1696,292,66,0,0,66.000,156.91
1104427,643466,110476,1886,333,66,0,0,66.000,156.91
1104427,171649,32357,1800,708,66,0,0,66.000,156.91
1104427,125675,195345,16132,292,66,0,0,66.000,156.91
1104427,920365,1067229,1128,334,66,0,0,66.000,156.91
1104427,1074607,778024,2322,291,66,0,0,66.000,156.91
1104427,778056,486419,7997,333,66,0,0,66.000,156.91
1104427,767650,337873,13043,333,66,0,0,66.000,156.91
1104427,243468,750119,3334,333,66,0,0,66.000,156.91
1104427,58798,556754,3231,292,66,0,0,66.000,156.91
1104427,896936,641916,235,292,66,0,0,66.000,156.91
1104427,884478,128380,2657,334,66,0,0,66.000,156.91
1104427,397664,575644,8140,291,66,0,0,66.000,156.91
1104427,893363,600286,9714,333,66,0,0,66.000,156.91
1104427,578001,729962,3069,292,66,0,0,66.000,156.91
1104427,1052951,488389,1032,292,66,0,0,66.000,156.91
1104427,36369,1067860,1269,292,66,0,0,66.000,156.91
1104589,837874,399177,950,292,66,0,0,66.000,70.06
1104589,1090736,950928,1825,333,66,0,0,66.000,70.06
1104589,207452,1072498,3019,333,66,0,0,66.000,70.06
1104589,45473,1099151,4347,292,66,0,0,66.000,70.06
1104589,9716,1038767,2360,292,66,0,0,66.000,70.06
1104589,887492,387965,288,333,66,0,0,66.000,70.06
1104589,963422,875653,1550,833,66,0,0,66.000,70.06
1104589,597748,147967,1660,291,66,0,0,66.000,70.06
1104589,349020,1085867,5816,292,66,0,0,66.000,70.06
1104589,487745,612677,1025,292,66,0,0,66.000,70.06
1104589,661554,465923,4591,268,66,0,0,66.000,70.06
1104589,1062660,132905,468,708,66,0,0,66.000,70.06
1104589,887310,819291,2769,709,66,0,0,66.000,70.06
1104589,1081086,614707,1645,292,66,0,0,66.000,70.06
1104589,464287,901385,532,333,66,0,0,66.000,70.06
1104589,139985,866381,389,291,66,0,0,66.000,70.06
1104589,387975,959896,6374,291,66,0,0,66.000,70.06
1104589,423671,199224,1346,291,66,0,0,66.000,70.06
1104589,847121,1012787,525,292,66,0,0,66.000,70.06
1104589,368872,810724,2749,292,66,0,0,66.000,70.06
1104941,904717,361645,2282,292,66,0,0,66.000,154.77
1104941,598010,265001,932,333,66,0,0,66.000,154.77
1104941,1066842,982551,5101,292,66,0,0,66.000,154.77
1104941,953509,123747,1739,708,66,0,0,66.000,154.77
1104941,294977,336615,8317,333,66,0,0,66.000,154.77
1104941,904375,625231,404,292,66,0,0,66.000,154.77
1104941,277832,84040,1178,334,66,0,0,66.000,154.77
1104941,578804,403668,8962,333,66,0,0,66.000,154.77
1104941,647992,685918,9950,291,66,0,0,66.000,154.77
1104941,145784,232650,8632,292,66,0,0,66.000,154.77
1104941,982120,847360,3547,708,66,0,0,66.000,154.77
1104941,468274,305890,5275,334,66,0,0,66.000,154.77
1104941,13401,785462,7535,292,66,0,0,66.000,154.77
1104941,503895,1027363,877,292,66,0,0,66.000,154.77
1104941,380893,466945,4682,292,66,0,0,66.000,154.77
1104941,871933,1036747,4838,375,66,0,0,66.000,154.77
1104941,774594,831391,1105,292,66,0,0,66.000,154.77
1104941,395498,428265,2565,291,66,0,0,66.000,154.77
1104941,703297,612256,14451,291,66,0,0,66.000,154.77
1104941,659924,68222,5646,334,66,0,0,66.000,154.77
1108693,861052,49930,5994,333,66,0,0,66.000,470.98
1108693,92489,619718,6611,291,66,0,0,66.000,470.98
1108693,828734,177763,22008,709,66,0,0,66.000,470.98
1108693,447462,369042,9672,292,66,0,0,66.000,470.98
1108693,289227,502378,23126,292,66,0,0,66.000,470.98
1108693,817912,1089998,22813,292,66,0,0,66.000,470.98
1108693,57053,346964,19117,292,66,0,0,66.000,470.98
1108693,682749,729788,4331,333,66,0,0,66.000,470.98
1108693,531666,468353,10414,333,66,0,0,66.000,470.98
1108693,764516,958166,21699,333,66,0,0,66.000,470.98
1108693,80859,1054250,51397,291,66,0,0,66.000,470.98
1108693,279374,12666,7107,333,66,0,0,66.000,470.98
1108693,1051458,975906,3983,708,66,0,0,66.000,470.98
1108693,486734,371073,3077,334,66,0,0,66.000,470.98
1108693,138574,717132,15980,750,66,0,0,66.000,470.98
1108693,364601,1096587,10338,334,66,0,0,66.000,470.98
1108693,768627,774089,5561,333,66,0,0,66.000,470.98
1108693,916281,163484,23106,292,66,0,0,66.000,470.98
1108693,708412,745802,3629,292,66,0,0,66.000,470.98
1108693,1033174,869189,25756,334,66,0,0,66.000,470.98
1111547,944511,582634,16006,333,66,0,0,66.000,319.32
1111547,631270,429224,3906,334,66,0,0,66.000,319.32
1111547,492507,85726,5245,334,66,0,0,66.000,319.32
1111547,104045,983817,22666,291,66,0,0,66.000,319.32
1111547,430024,551625,9668,333,66,0,0,66.000,319.32
1111547,323161,48670,7502,333,66,0,0,66.000,319.32
1111547,341748,6175,8913,333,66,0,0,66.000,319.32
1111547,732821,870748,3408,334,66,0,0,66.000,319.32
1111547,198805,839271,23441,291,66,0,0,66.000,319.32
1111547,431846,252632,10309,291,66,0,0,66.000,319.32
1111547,851484,479522,162,292,66,0,0,66.000,319.32
1111547,179201,756079,583,292,66,0,0,66.000,319.32
1111547,511234,569990,1254,291,66,0,0,66.000,319.32
1111547,114641,1031150,6292,291,66,0,0,66.000,319.32
1111547,500008,925608,17141,291,66,0,0,66.000,319.32
1111547,463578,268450,3698,292,66,0,0,66.000,319.32
1111547,800182,658389,10819,292,66,0,0,66.000,319.32
1111547,221838,884265,14014,334,66,0,0,66.000,319.32
1111547,243159,197071,9647,292,66,0,0,66.000,319.32
1111547,471963,944845,27955,292,66,0,0,66.000,319.32
1116911,770883,580291,5884,292,66,0,0,66.000,180.60
1116911,385419,482027,1763,292,66,0,0,66.000,180.60
1116911,102547,571976,3756,292,66,0,0,66.000,180.60
1116911,325888,882369,12488,333,66,0,0,66.000,180.60
1116911,899032,788865,2735,292,66,0,0,66.000,180.60
1116911,621351,907120,7659,292,66,0,0,66.000,180.60
1116911,487027,16268,1811,292,66,0,0,66.000,180.60
1116911,893567,844652,3742,292,66,0,0,66.000,180.60
1116911,1099665,560809,1603,726,66,0,0,66.000,180.60
1116911,951735,83730,2560,334,66,0,0,66.000,180.60
1116911,841354,160126,778,750,66,0,0,66.000,180.60
1116911,588499,1033684,6243,292,66,0,0,66.000,180.60
1116911,469981,1070404,7141,292,66,0,0,66.000,180.60
1116911,387005,452868,16273,333,66,0,0,66.000,180.60
1116911,425419,759884,23517,291,66,0,0,66.000,180.60
1116911,452697,483175,3449,292,66,0,0,66.000,180.60
1116911,565243,577847,1567,292,66,0,0,66.000,180.60
1116911,829351,791051,2092,291,66,0,0,66.000,180.60
1116911,971642,305202,1572,333,66,0,0,66.000,180.60
1116911,954242,1102915,8062,291,66,0,0,66.000,180.60
1117591,971127,1023932,8061,291,66,0,0,66.000,248.47
1117591,256747,963918,4440,334,66,0,0,66.000,248.47
1117591,664452,555303,5345,291,66,0,0,66.000,248.47
1117591,352338,857883,9626,292,66,0,0,66.000,248.47
1117591,184698,216961,3023,708,66,0,0,66.000,248.47
1117591,727826,344014,8104,333,66,0,0,66.000,248.47
1117591,392867,258088,9195,292,66,0,0,66.000,248.47
1117591,34062,1090195,8079,750,66,0,0,66.000,248.47
1117591,1019275,483749,22796,333,66,0,0,66.000,248.47
1117591,353393,529338,16372,334,66,0,0,66.000,248.47
1117591,526667,819682,8727,292,66,0,0,66.000,248.47
1117591,1062629,947645,4218,333,66,0,0,66.000,248.47
1117591,643782,924925,13196,291,66,0,0,66.000,248.47
1117591,804482,578455,2639,333,66,0,0,66.000,248.47
1117591,472266,263156,8412,333,66,0,0,66.000,248.47
1117591,852204,129863,11954,333,66,0,0,66.000,248.47
1117591,601367,1035242,1970,292,66,0,0,66.000,248.47
1117591,330107,753590,321,334,66,0,0,66.000,248.47
1117591,545732,1112971,5105,291,66,0,0,66.000,248.47
1117591,786599,468329,5826,292,66,0,0,66.000,248.47
1118041,548569,920084,16695,334,66,0,0,66.000,501.80
1118041,451878,439191,531,292,66,0,0,66.000,501.80
1118041,742870,295086,10151,292,66,0,0,66.000,501.80
1118041,467258,209117,3132,292,66,0,0,66.000,501.80
1118041,638617,766736,16380,292,66,0,0,66.000,501.80
1118041,328952,696466,15564,333,66,0,0,66.000,501.80
1118041,199268,17647,5040,292,66,0,0,66.000,501.80
1118041,6782,326321,15843,709,66,0,0,66.000,501.80
1118041,426451,2135,676,292,66,0,0,66.000,501.80
1118041,343615,277251,28976,291,66,0,0,66.000,501.80
1118041,113208,642868,32776,333,66,0,0,66.000,501.80
1118041,1089679,621433,36248,334,66,0,0,66.000,501.80
1118041,48275,498734,8869,291,66,0,0,66.000,501.80
1118041,163101,887387,14852,334,66,0,0,66.000,501.80
1118041,812314,120759,45999,292,66,0,0,66.000,501.80
1118041,635608,1045712,4467,333,66,0,0,66.000,501.80
1118041,840035,993334,19693,708,66,0,0,66.000,501.80
1118041,418713,253368,37032,291,66,0,0,66.000,501.80
1118041,1058360,1094424,2486,708,66,0,0,66.000,501.80
1118041,40532,150180,3095,334,66,0,0,66.000,501.80
1121179,257857,1120364,25484,333,66,0,0,66.000,373.79
1121179,626628,358862,4628,292,66,0,0,66.000,373.79
1121179,795356,370778,26031,333,66,0,0,66.000,373.79
1121179,307677,658754,15839,292,66,0,0,66.000,373.79
1121179,277925,354676,1373,292,66,0,0,66.000,373.79
1121179,553671,411728,15063,334,66,0,0,66.000,373.79
1121179,795112,355618,8346,291,66,0,0,66.000,373.79
1121179,3536,832385,5679,291,66,0,0,66.000,373.79
1121179,1117261,1106382,39916,333,66,0,0,66.000,373.79
1121179,1023456,975127,13477,292,66,0,0,66.000,373.79
1121179,404669,924987,6578,292,66,0,0,66.000,373.79
1121179,292943,87700,2397,333,66,0,0,66.000,373.79
1121179,365541,448146,20430,333,66,0,0,66.000,373.79
1121179,843660,848710,9091,708,66,0,0,66.000,373.79
1121179,775091,44067,3674,334,66,0,0,66.000,373.79
1121179,868723,15009,3346,333,66,0,0,66.000,373.79
1121179,13023,370070,19908,708,66,0,0,66.000,373.79
1121179,1040491,99361,3637,292,66,0,0,66.000,373.79
1121179,10147,1086808,3454,292,66,0,0,66.000,373.79
1121179,155291,1021403,2996,333,66,0,0,66.000,373.79
1121369,792913,441705,4721,291,66,0,0,66.000,367.29
1121369,714790,661705,2066,292,66,0,0,66.000,367.29
1121369,827277,230096,2838,291,66,0,0,66.000,367.29
1121369,168547,419278,22905,750,66,0,0,66.000,367.29
1121369,371547,211757,48969,333,66,0,0,66.000,367.29
1121369,454410,218127,6778,292,66,0,0,66.000,367.29
1121369,840185,160346,35,291,66,0,0,66.000,367.29
1121369,1093446,165468,11395,292,66,0,0,66.000,367.29
1121369,246129,164007,3114,292,66,0,0,66.000,367.29
1121369,766389,425428,9015,291,66,0,0,66.000,367.29
1121369,480402,566065,2229,333,66,0,0,66.000,367.29
1121369,69445,527152,23748,292,66,0,0,66.000,367.29
1121369,455729,599393,3920,708,66,0,0,66.000,367.29
1121369,207434,4405,23510,725,66,0,0,66.000,367.29
1121369,118396,980456,8415,334,66,0,0,66.000,367.29
1121369,517708,847913,14950,333,66,0,0,66.000,367.29
1121369,226725,189261,14422,333,66,0,0,66.000,367.29
1121369,240711,48884,20195,334,66,0,0,66.000,367.29
1121369,272807,512533,4733,333,66,0,0,66.000,367.29
1121369,660446,251611,5403,291,66,0,0,66.000,367.29
1124239,1025220,516875,25576,333,66,0,0,66.000,438.99
1124239,158533,971226,23752,333,66,0,0,66.000,438.99
1124239,98949,672295,2382,333,66,0,0,66.000,438.99
1124239,800610,202969,4999,291,66,0,0,66.000,438.99
1124239,1028518,310168,7761,291,66,0,0,66.000,438.99
1124239,275497,212024,10994,333,66,0,0,66.000,438.99
1124239,885610,617132,44471,333,66,0,0,66.000,438.99
1124239,2842,903996,3937,334,66,0,0,66.000,438.99
1124239,446130,310610,11487,291,66,0,0,66.000,438.99
1124239,16446,286166,7944,333,66,0,0,66.000,438.99
1124239,207908,1045831,17878,292,66,0,0,66.000,438.99
1124239,381942,1025454,9156,333,66,0,0,66.000,438.99
1124239,254821,271578,13828,292,66,0,0,66.000,438.99
1124239,549604,274484,1459,291,66,0,0,66.000,438.99
1124239,785516,638366,1143,292,66,0,0,66.000,438.99
1124239,939267,32721,12859,334,66,0,0,66.000,438.99
1124239,668904,477137,49910,292,66,0,0,66.000,438.99
1124239,519996,539850,1168,291,66,0,0,66.000,438.99
1124239,274552,1123048,8449,334,66,0,0,66.000,438.99
1124239,657573,223907,18875,292,66,0,0,66.000,438.99
1125433,597642,885644,11618,334,66,0,0,66.000,560.06
1125433,516865,26658,47490,333,66,0,0,66.000,560.06
1125433,374540,778259,15372,333,66,0,0,66.000,560.06
1125433,319055,783423,42871,310,66,0,0,66.000,560.06
1125433,357548,206012,8061,292,66,0,0,66.000,560.06
1125433,510055,531633,10911,292,66,0,0,66.000,560.06
1125433,42342,1062178,2354,291,66,0,0,66.000,560.06
1125433,1059251,522118,191,292,66,0,0,66.000,560.06
1125433,36163,169019,33947,292,66,0,0,66.000,560.06
1125433,992582,1110024,13003,292,66,0,0,66.000,560.06
1125433,102025,903560,15750,333,66,0,0,66.000,560.06
1125433,562472,755643,4628,333,66,0,0,66.000,560.06
1125433,894587,518572,9788,291,66,0,0,66.000,560.06
1125433,810859,37765,10667,291,66,0,0,66.000,560.06
1125433,1114332,457021,11513,334,66,0,0,66.000,560.06
1125433,212846,226528,34189,333,66,0,0,66.000,560.06
1125433,49491,371277,37860,334,66,0,0,66.000,560.06
1125433,591490,361310,2696,292,66,0,0,66.000,560.06
1125433,53775,506135,9653,333,66,0,0,66.000,560.06
1125433,396608,242748,32811,292,66,0,0,66.000,560.06
1127641,503710,891781,7690,333,66,0,0,66.000,431.66
1127641,177321,1079064,12505,333,66,0,0,66.000,431.66
1127641,535216,415087,27481,309,66,0,0,66.000,431.66
1127641,506900,492250,10548,333,66,0,0,66.000,431.66
1127641,827779,95627,26269,750,66,0,0,66.000,431.66
1127641,356091,270117,14257,334,66,0,0,66.000,431.66
1127641,575167,879162,10443,291,66,0,0,66.000,431.66
1127641,417532,1044080,1623,333,66,0,0,66.000,431.66
1127641,1109173,1100884,2198,792,66,0,0,66.000,431.66
1127641,1121129,1120618,15564,292,66,0,0,66.000,431.66
1127641,534488,408526,10649,292,66,0,0,66.000,431.66
1127641,193321,372585,12665,292,66,0,0,66.000,431.66
1127641,789143,941916,21406,292,66,0,0,66.000,431.66
1127641,40044,52544,7981,291,66,0,0,66.000,431.66
1127641,64813,1112245,34742,310,66,0,0,66.000,431.66
1127641,484144,496255,17180,292,66,0,0,66.000,431.66
1127641,843951,1090562,19014,750,66,0,0,66.000,431.66
1127641,336888,202657,11107,292,66,0,0,66.000,431.66
1127641,99274,975551,10449,709,66,0,0,66.000,431.66
1127641,530561,1008091,275,292,66,0,0,66.000,431.66
1130117,113598,904939,3209,292,66,0,0,66.000,96.52
1130117,540034,996642,128,292,66,0,0,66.000,96.52
1130117,438630,1117768,2981,333,66,0,0,66.000,96.52
1130117,810477,1122103,6919,333,66,0,0,66.000,96.52
1130117,693570,79933,2895,333,66,0,0,66.000,96.52
1130117,810512,758294,1950,333,66,0,0,66.000,96.52
1130117,195060,292875,10763,291,66,0,0,66.000,96.52
1130117,1123808,220287,2925,292,66,0,0,66.000,96.52
1130117,781092,600883,3575,291,66,0,0,66.000,96.52
1130117,448358,599328,8975,292,66,0,0,66.000,96.52
1130117,845012,87321,3363,333,66,0,0,66.000,96.52
1130117,1124732,126722,174,333,66,0,0,66.000,96.52
1130117,570149,174977,1803,291,66,0,0,66.000,96.52
1130117,1054582,297692,534,291,66,0,0,66.000,96.52
1130117,945272,421076,1622,292,66,0,0,66.000,96.52
1130117,315531,994397,1333,292,66,0,0,66.000,96.52
1130117,407806,203803,1572,333,66,0,0,66.000,96.52
1130117,361887,1046062,3219,292,66,0,0,66.000,96.52
1130117,49951,620253,1317,292,66,0,0,66.000,96.52
1130117,127083,113574,1969,291,66,0,0,66.000,96.52
1131239,913769,164114,6465,333,66,0,0,66.000,77.75
1131239,151066,231502,295,292,66,0,0,66.000,77.75
1131239,153649,229585,1071,291,66,0,0,66.000,77.75
1131239,458392,1020055,850,292,66,0,0,66.000,77.75
1131239,349419,455134,2259,333,66,0,0,66.000,77.75
1131239,334127,53672,1986,334,66,0,0,66.000,77.75
1131239,751383,493289,3288,334,66,0,0,66.000,77.75
1131239,594685,1003654,2931,333,66,0,0,66.000,77.75
1131239,395559,871886,6691,292,66,0,0,66.000,77.75
1131239,460815,896257,2114,292,66,0,0,66.000,77.75
1131239,510973,976953,1825,334,66,0,0,66.000,77.75
1131239,434791,1114350,2903,750,66,0,0,66.000,77.75
1131239,820878,1027637,2815,292,66,0,0,66.000,77.75
1131239,422014,930694,1698,708,66,0,0,66.000,77.75
1131239,1070654,462763,1627,292,66,0,0,66.000,77.75
1131239,734454,460440,929,291,66,0,0,66.000,77.75
1131239,916652,806710,2728,334,66,0,0,66.000,77.75
1131239,333681,362128,447,292,66,0,0,66.000,77.75
1131239,34133,360329,335,292,66,0,0,66.000,77.75
1131239,472620,279619,6075,333,66,0,0,66.000,77.75
1132991,678629,216336,2520,291,66,0,0,66.000,455.60
1132991,512829,522057,17817,334,66,0,0,66.000,455.60
1132991,150216,1045612,870,292,66,0,0,66.000,455.60
1132991,270035,85445,19038,292,66,0,0,66.000,455.60
1132991,614468,8577,35081,292,66,0,0,66.000,455.60
1132991,604659,1093084,21142,292,66,0,0,66.000,455.60
1132991,358619,1052681,12486,292,66,0,0,66.000,455.60
1132991,609090,392632,67378,333,66,0,0,66.000,455.60
1132991,1081083,877453,13069,333,66,0,0,66.000,455.60
1132991,732131,241634,12177,291,66,0,0,66.000,455.60
1132991,524300,1109928,2614,292,66,0,0,66.000,455.60
1132991,1053694,308986,18939,333,66,0,0,66.000,455.60
1132991,869328,709307,8052,334,66,0,0,66.000,455.60
1132991,72020,340668,2303,292,66,0,0,66.000,455.60
1132991,124068,360688,1590,750,66,0,0,66.000,455.60
1132991,431242,645262,8878,333,66,0,0,66.000,455.60
1132991,288141,372715,18766,292,66,0,0,66.000,455.60
1132991,911592,958530,6703,292,66,0,0,66.000,455.60
1132991,871899,427166,18886,292,66,0,0,66.000,455.60
1132991,529444,460566,648,333,66,0,0,66.000,455.60
1133159,328614,308642,664,292,66,0,0,66.000,358.11
1133159,758594,1043485,1579,292,66,0,0,66.000,358.11
1133159,834301,977603,3337,291,66,0,0,66.000,358.11
1133159,769926,727515,2628,333,66,0,0,66.000,358.11
1133159,648770,263452,2409,292,66,0,0,66.000,358.11
1133159,820086,1052333,13316,708,66,0,0,66.000,358.11
1133159,468975,955718,9449,292,66,0,0,66.000,358.11
1133159,75806,1060192,53763,291,66,0,0,66.000,358.11
1133159,113967,522520,1703,333,66,0,0,66.000,358.11
1133159,446747,324171,2700,334,66,0,0,66.000,358.11
1133159,224023,1040028,22590,708,66,0,0,66.000,358.11
1133159,924891,794344,7058,292,66,0,0,66.000,358.11
1133159,607210,316725,9788,334,66,0,0,66.000,358.11
1133159,375724,1055060,5213,334,66,0,0,66.000,358.11
1133159,281682,685002,18490,291,66,0,0,66.000,358.11
1133159,234761,826070,348,292,66,0,0,66.000,358.11
1133159,173754,880278,11166,291,66,0,0,66.000,358.11
1133159,803182,157530,4921,291,66,0,0,66.000,358.11
1133159,717367,914484,10398,333,66,0,0,66.000,358.11
1133159,81705,728025,45904,334,66,0,0,66.000,358.11
1134961,236662,1040754,78,292,66,0,0,66.000,293.31
1134961,533671,673423,4405,334,66,0,0,66.000,293.31
1134961,875294,761382,1070,292,66,0,0,66.000,293.31
1134961,1001804,456548,25366,334,66,0,0,66.000,293.31
1134961,401002,802645,5397,333,66,0,0,66.000,293.31
1134961,86649,87083,27676,291,66,0,0,66.000,293.31
1134961,993570,48644,24009,291,66,0,0,66.000,293.31
1134961,1048336,440078,2419,291,66,0,0,66.000,293.31
1134961,554705,232238,3453,334,66,0,0,66.000,293.31
1134961,610730,901775,8519,334,66,0,0,66.000,293.31
1134961,703072,540667,129,292,66,0,0,66.000,293.31
1134961,609503,1067795,12874,291,66,0,0,66.000,293.31
1134961,393478,514636,3384,291,66,0,0,66.000,293.31
1134961,779678,982534,3472,292,66,0,0,66.000,293.31
1134961,850794,941942,3983,333,66,0,0,66.000,293.31
1134961,568106,477973,10307,791,66,0,0,66.000,293.31
1134961,1010178,273617,1311,333,66,0,0,66.000,293.31
1134961,648977,672909,27329,333,66,0,0,66.000,293.31
1134961,460443,279268,20713,708,66,0,0,66.000,293.31
1134961,511345,930741,200,334,66,0,0,66.000,293.31
1139623,102572,853402,16672,333,66,0,0,66.000,212.06
1139623,682858,905151,8644,292,66,0,0,66.000,212.06
1139623,444185,428757,3548,333,66,0,0,66.000,212.06
1139623,962614,378218,10659,334,66,0,0,66.000,212.06
1139623,636091,777870,3913,291,66,0,0,66.000,212.06
1139623,391994,699147,18480,292,66,0,0,66.000,212.06
1139623,65468,749041,13966,292,66,0,0,66.000,212.06
1139623,171317,440345,1913,291,66,0,0,66.000,212.06
1139623,813913,822373,6204,333,66,0,0,66.000,212.06
1139623,535744,332067,8404,292,66,0,0,66.000,212.06
1139623,1004341,234264,4414,333,66,0,0,66.000,212.06
1139623,620253,9806,3300,292,66,0,0,66.000,212.06
1139623,1129625,532464,8732,334,66,0,0,66.000,212.06
1139623,408432,1000462,2611,333,66,0,0,66.000,212.06
1139623,619897,9465,8443,292,66,0,0,66.000,212.06
1139623,393989,146483,214,333,66,0,0,66.000,212.06
1139623,734589,61580,2893,333,66,0,0,66.000,212.06
1139623,568600,193406,8895,291,66,0,0,66.000,212.06
1139623,460016,370803,734,333,66,0,0,66.000,212.06
1139623,322044,207527,1361,709,66,0,0,66.000,212.06
1141417,1017863,735313,54268,333,66,0,0,66.000,360.36
1141417,899732,306910,11926,333,66,0,0,66.000,360.36
1141417,1110134,1050234,21784,292,66,0,0,66.000,360.36
1141417,556187,530906,2936,292,66,0,0,66.000,360.36
1141417,507740,990142,16716,291,66,0,0,66.000,360.36
1141417,272227,1044478,5641,292,66,0,0,66.000,360.36
1141417,184828,815576,205,333,66,0,0,66.000,360.36
1141417,738502,230709,644,292,66,0,0,66.000,360.36
1141417,929611,942766,10886,291,66,0,0,66.000,360.36
1141417,586672,855124,27355,333,66,0,0,66.000,360.36
1141417,546736,533743,1822,292,66,0,0,66.000,360.36
1141417,549953,987627,2608,709,66,0,0,66.000,360.36
1141417,63145,359014,8251,333,66,0,0,66.000,360.36
1141417,946124,468804,392,292,66,0,0,66.000,360.36
1141417,104980,77196,8125,334,66,0,0,66.000,360.36
1141417,766928,118058,1963,292,66,0,0,66.000,360.36
1141417,1017988,505714,24384,334,66,0,0,66.000,360.36
1141417,942367,1117037,8480,292,66,0,0,66.000,360.36
1141417,65288,1138378,9649,291,66,0,0,66.000,360.36
1141417,140271,965353,10590,292,66,0,0,66.000,360.36
1141853,504477,236914,1128,333,66,0,0,66.000,788.35
1141853,323587,866089,95052,709,66,0,0,66.000,788.35
1141853,195700,342373,15011,291,66,0,0,66.000,788.35
1141853,143108,34761,34552,291,66,0,0,66.000,788.35
1141853,772949,1035118,13895,291,66,0,0,66.000,788.35
1141853,576384,710635,80888,333,66,0,0,66.000,788.35
1141853,770070,197697,11951,375,66,0,0,66.000,788.35
1141853,973073,298099,29361,292,66,0,0,66.000,788.35
1141853,397576,304773,40991,333,66,0,0,66.000,788.35
1141853,988217,1114048,3159,333,66,0,0,66.000,788.35
1141853,846928,941711,5093,333,66,0,0,66.000,788.35
1141853,924087,445540,635,334,66,0,0,66.000,788.35
1141853,112984,487337,741,708,66,0,0,66.000,788.35
1141853,438954,1086566,83884,292,66,0,0,66.000,788.35
1141853,926224,225416,10179,333,66,0,0,66.000,788.35
1141853,449352,763820,14906,292,66,0,0,66.000,788.35
1141853,1090323,878078,10916,291,66,0,0,66.000,788.35
1141853,1097055,804371,15262,292,66,0,0,66.000,788.35
1141853,910209,371566,24175,291,66,0,0,66.000,788.35
1141853,782083,393372,8441,333,66,0,0,66.000,788.35
1148261,240478,801448,7352,333,66,0,0,66.000,240.47
1148261,411662,496467,5360,333,66,0,0,66.000,240.47
1148261,597741,889678,2214,750,66,0,0,66.000,240.47
1148261,96735,113257,33877,291,66,0,0,66.000,240.47
1148261,550520,154265,4177,334,66,0,0,66.000,240.47
1148261,655356,789603,2930,333,66,0,0,66.000,240.47
1148261,130885,663563,10735,333,66,0,0,66.000,240.47
1148261,1045587,869458,10541,292,66,0,0,66.000,240.47
1148261,875047,194329,4965,292,66,0,0,66.000,240.47
1148261,1077202,533752,521,292,66,0,0,66.000,240.47
1148261,383069,532827,10755,333,66,0,0,66.000,240.47
1148261,98591,440298,4644,292,66,0,0,66.000,240.47
1148261,1031239,476629,3185,292,66,0,0,66.000,240.47
1148261,341908,633853,2353,334,66,0,0,66.000,240.47
1148261,1018409,745517,21454,333,66,0,0,66.000,240.47
1148261,21440,473426,1952,750,66,0,0,66.000,240.47
1148261,608517,723031,6633,333,66,0,0,66.000,240.47
1148261,933535,795475,4798,709,66,0,0,66.000,240.47
1148261,751334,917311,10082,333,66,0,0,66.000,240.47
1148261,818137,42628,3455,292,66,0,0,66.000,240.47
1154233,591032,26722,13073,291,66,0,0,66.000,248.09
1154233,906412,101731,4331,333,66,0,0,66.000,248.09
1154233,336440,44742,1223,292,66,0,0,66.000,248.09
1154233,176367,981444,10651,291,66,0,0,66.000,248.09
1154233,433921,484424,13138,292,66,0,0,66.000,248.09
1154233,622123,325910,482,292,66,0,0,66.000,248.09
1154233,171845,929403,9973,708,66,0,0,66.000,248.09
1154233,1152115,237754,9737,333,66,0,0,66.000,248.09
1154233,523757,380676,5450,292,66,0,0,66.000,248.09
1154233,198235,308374,8693,708,66,0,0,66.000,248.09
1154233,1019265,412969,3858,333,66,0,0,66.000,248.09
1154233,268806,14808,3814,291,66,0,0,66.000,248.09
1154233,364830,463576,21274,334,66,0,0,66.000,248.09
1154233,626079,415502,6082,334,66,0,0,66.000,248.09
1154233,352195,1139805,461,292,66,0,0,66.000,248.09
1154233,706508,138854,2969,291,66,0,0,66.000,248.09
1154233,157911,78384,29389,292,66,0,0,66.000,248.09
1154233,397656,841112,1500,292,66,0,0,66.000,248.09
1154233,458916,578500,1584,708,66,0,0,66.000,248.09
1154233,90330,90857,9709,292,66,0,0,66.000,248.09
1157063,966707,536998,3282,292,66,0,0,66.000,410.00
1157063,490829,1095477,38434,291,66,0,0,66.000,410.00
1157063,263132,137932,15334,333,66,0,0,66.000,410.00
1157063,513608,377365,2063,292,66,0,0,66.000,410.00
1157063,232007,555882,11124,333,66,0,0,66.000,410.00
1157063,300559,983143,16649,292,66,0,0,66.000,410.00
1157063,728423,815347,4678,291,66,0,0,66.000,410.00
1157063,386920,503841,6655,292,66,0,0,66.000,410.00
1157063,1034432,1124214,21483,292,66,0,0,66.000,410.00
1157063,915438,322710,3176,708,66,0,0,66.000,410.00
1157063,1152106,542075,29255,291,66,0,0,66.000,410.00
1157063,560915,830246,2572,292,66,0,0,66.000,410.00
1157063,334110,949103,678,292,66,0,0,66.000,410.00
1157063,945763,864784,31289,291,66,0,0,66.000,410.00
1157063,202616,864707,20253,333,66,0,0,66.000,410.00
1157063,1047172,29473,18886,333,66,0,0,66.000,410.00
1157063,1058513,406747,11186,750,66,0,0,66.000,410.00
1157063,557653,166563,15786,292,66,0,0,66.000,410.00
1157063,333237,327278,3606,291,66,0,0,66.000,410.00
1157063,1107022,365059,4125,333,66,0,0,66.000,410.00
1157851,875885,484767,3738,709,66,0,0,66.000,431.88
1157851,249276,362198,1301,292,66,0,0,66.000,431.88
1157851,251634,680777,14960,333,66,0,0,66.000,431.88
1157851,1118573,1022234,31317,291,66,0,0,66.000,431.88
1157851,837425,116300,30808,334,66,0,0,66.000,431.88
1157851,859023,429082,3546,333,66,0,0,66.000,431.88
1157851,487612,171464,37304,292,66,0,0,66.000,431.88
1157851,936528,465232,18223,334,66,0,0,66.000,431.88
1157851,1044137,349608,2085,292,66,0,0,66.000,431.88
1157851,299557,155333,22123,708,66,0,0,66.000,431.88
1157851,178113,114339,13030,292,66,0,0,66.000,431.88
1157851,949135,793167,2452,334,66,0,0,66.000,431.88
1157851,884648,395785,32770,334,66,0,0,66.000,431.88
1157851,758932,1008259,4938,333,66,0,0,66.000,431.88
1157851,788559,531598,733,334,66,0,0,66.000,431.88
1157851,385717,1118305,11981,292,66,0,0,66.000,431.88
1157851,861792,1045597,18544,291,66,0,0,66.000,431.88
1157851,32748,1047115,1152,292,66,0,0,66.000,431.88
1157851,102509,615576,20812,292,66,0,0,66.000,431.88
1157851,621034,1136790,2208,333,66,0,0,66.000,431.88
1158247,28904,714977,4797,333,66,0,0,66.000,251.42
1158247,979333,455631,14605,334,66,0,0,66.000,251.42
1158247,88294,747412,12212,333,66,0,0,66.000,251.42
1158247,697634,980036,16418,334,66,0,0,66.000,251.42
1158247,690056,407744,11385,292,66,0,0,66.000,251.42
1158247,130755,46769,2662,333,66,0,0,66.000,251.42
1158247,639716,829304,12452,333,66,0,0,66.000,251.42
1158247,219565,1011148,2817,334,66,0,0,66.000,251.42
1158247,148543,518912,6027,291,66,0,0,66.000,251.42
1158247,917037,68852,5673,333,66,0,0,66.000,251.42
1158247,367048,302148,2145,291,66,0,0,66.000,251.42
1158247,433948,800493,2380,333,66,0,0,66.000,251.42
1158247,717407,789162,7779,334,66,0,0,66.000,251.42
1158247,846682,686523,10612,333,66,0,0,66.000,251.42
1158247,1030882,1110552,546,334,66,0,0,66.000,251.42
1158247,562607,896411,16469,292,66,0,0,66.000,251.42
1158247,805169,59535,10616,333,66,0,0,66.000,251.42
1158247,532100,23292,15502,334,66,0,0,66.000,251.42
1158247,647944,698678,416,333,66,0,0,66.000,251.42
1158247,634174,1026718,3784,333,66,0,0,66.000,251.42
1158401,921895,946161,13444,291,66,0,0,66.000,716.23
1158401,937174,635976,23244,333,66,0,0,66.000,716.23
1158401,366065,1116567,9772,292,66,0,0,66.000,716.23
1158401,392905,420413,28110,334,66,0,0,66.000,716.23
1158401,54674,102976,15502,291,66,0,0,66.000,716.23
1158401,970247,40938,30742,333,66,0,0,66.000,716.23
1158401,633227,935672,35867,291,66,0,0,66.000,716.23
1158401,989085,441093,19183,333,66,0,0,66.000,716.23
1158401,263596,41391,4786,709,66,0,0,66.000,716.23
1158401,111275,628253,25612,333,66,0,0,66.000,716.23
1158401,936111,374699,48744,292,66,0,0,66.000,716.23
1158401,988292,945996,48847,333,66,0,0,66.000,716.23
1158401,1111212,439117,9031,291,66,0,0,66.000,716.23
1158401,682850,796165,53239,292,66,0,0,66.000,716.23
1158401,915139,366738,23758,292,66,0,0,66.000,716.23
1158401,628766,557366,14522,334,66,0,0,66.000,716.23
1158401,707251,66005,5965,292,66,0,0,66.000,716.23
1158401,381915,1075863,13426,291,66,0,0,66.000,716.23
1158401,117504,684933,7910,333,66,0,0,66.000,716.23
1158401,283961,487494,21476,292,66,0,0,66.000,716.23
1161217,545492,442648,18727,333,66,0,0,66.000,246.74
1161217,759221,1158903,1831,291,66,0,0,66.000,246.74
1161217,252753,1002667,3853,292,66,0,0,66.000,246.74
1161217,1130174,545409,4705,291,66,0,0,66.000,246.74
1161217,595318,664781,780,333,66,0,0,66.000,246.74
1161217,239111,874077,139,292,66,0,0,66.000,246.74
1161217,931322,644880,15828,333,66,0,0,66.000,246.74
1161217,745015,420519,19641,708,66,0,0,66.000,246.74
1161217,709479,827556,5367,292,66,0,0,66.000,246.74
1161217,356673,281180,13185,292,66,0,0,66.000,246.74
1161217,1039252,570764,2475,334,66,0,0,66.000,246.74
1161217,403328,816489,13906,333,66,0,0,66.000,246.74
1161217,335082,186095,1150,333,66,0,0,66.000,246.74
1161217,513949,302298,24727,333,66,0,0,66.000,246.74
1161217,103756,200783,1881,291,66,0,0,66.000,246.74
1161217,430778,59114,4512,334,66,0,0,66.000,246.74
1161217,1020599,386942,13615,750,66,0,0,66.000,246.74
1161217,435200,546610,6187,292,66,0,0,66.000,246.74
1161217,807862,807769,3705,292,66,0,0,66.000,246.74
1161217,43667,867643,109,292,66,0,0,66.000,246.74
1163119,1053940,1133800,323,292,66,0,0,66.000,324.41
1163119,779260,716785,1260,334,66,0,0,66.000,324.41
1163119,291157,737811,12156,291,66,0,0,66.000,324.41
1163119,977339,95706,34045,768,66,0,0,66.000,324.41
1163119,130628,736758,1418,291,66,0,0,66.000,324.41
1163119,846214,942131,7311,292,66,0,0,66.000,324.41
1163119,752552,465933,7651,291,66,0,0,66.000,324.41
1163119,832443,77226,13731,291,66,0,0,66.000,324.41
1163119,362939,437756,16786,708,66,0,0,66.000,324.41
1163119,714220,590738,24258,750,66,0,0,66.000,324.41
1163119,230687,937438,3562,291,66,0,0,66.000,324.41
1163119,908982,1126582,4391,292,66,0,0,66.000,324.41
1163119,308611,1153422,18584,334,66,0,0,66.000,324.41
1163119,269917,332496,8166,292,66,0,0,66.000,324.41
1163119,1065987,429103,2194,333,66,0,0,66.000,324.41
1163119,594524,1126637,19529,292,66,0,0,66.000,324.41
1163119,900896,356350,2430,334,66,0,0,66.000,324.41
1163119,967353,1152453,3088,334,66,0,0,66.000,324.41
1163119,792966,563266,16529,292,66,0,0,66.000,324.41
1163119,220308,901275,6282,333,66,0,0,66.000,324.41
1167013,1113001,384560,4988,292,66,0,0,66.000,498.87
1167013,784603,738465,9234,292,66,0,0,66.000,498.87
1167013,511985,237325,6828,292,66,0,0,66.000,498.87
1167013,585389,876680,61645,333,66,0,0,66.000,498.87
1167013,878338,833086,1336,334,66,0,0,66.000,498.87
1167013,306852,352161,289,292,66,0,0,66.000,498.87
1167013,451777,359419,2683,334,66,0,0,66.000,498.87
1167013,994657,475689,14351,292,66,0,0,66.000,498.87
1167013,521671,847198,19661,291,66,0,0,66.000,498.87
1167013,1007371,220853,5271,334,66,0,0,66.000,498.87
1167013,914381,731798,94818,334,66,0,0,66.000,498.87
1167013,106904,863416,743,292,66,0,0,66.000,498.87
1167013,703936,999846,9562,334,66,0,0,66.000,498.87
1167013,964828,557526,7398,292,66,0,0,66.000,498.87
1167013,119906,148755,12225,291,66,0,0,66.000,498.87
1167013,951408,683322,339,334,66,0,0,66.000,498.87
1167013,969623,270206,44273,291,66,0,0,66.000,498.87
1167013,989712,432972,3066,708,66,0,0,66.000,498.87
1167013,994657,662456,91,291,66,0,0,66.000,498.87
1167013,1061676,1114184,11998,292,66,0,0,66.000,498.87
1169023,175592,1027837,7879,833,66,0,0,66.000,290.11
1169023,124358,947775,20234,291,66,0,0,66.000,290.11
1169023,433232,1024610,1515,292,66,0,0,66.000,290.11
1169023,11491,442195,782,291,66,0,0,66.000,290.11
1169023,207802,776104,7663,291,66,0,0,66.000,290.11
1169023,295121,755404,31381,292,66,0,0,66.000,290.11
1169023,715025,1041231,19023,292,66,0,0,66.000,290.11
1169023,167347,1012005,13032,334,66,0,0,66.000,290.11
1169023,896923,153497,15815,333,66,0,0,66.000,290.11
1169023,664690,330603,1331,292,66,0,0,66.000,290.11
1169023,415971,657925,5331,292,66,0,0,66.000,290.11
1169023,821475,1057951,10677,333,66,0,0,66.000,290.11
1169023,910461,704133,13345,292,66,0,0,66.000,290.11
1169023,55024,794536,17419,292,66,0,0,66.000,290.11
1169023,191430,229726,15,292,66,0,0,66.000,290.11
1169023,496337,737555,2883,708,66,0,0,66.000,290.11
1169023,845124,686631,1993,334,66,0,0,66.000,290.11
1169023,937528,190824,6676,334,66,0,0,66.000,290.11
1169023,584046,524373,3137,708,66,0,0,66.000,290.11
1169023,577231,818334,3980,333,66,0,0,66.000,290.11
1170461,190472,544485,2968,292,66,0,0,66.000,217.34
1170461,437565,425192,8849,292,66,0,0,66.000,217.34
1170461,1058683,539114,12580,292,66,0,0,66.000,217.34
1170461,275848,601833,8940,708,66,0,0,66.000,217.34
1170461,794750,496166,2169,684,66,0,0,66.000,217.34
1170461,903428,1153061,1586,292,66,0,0,66.000,217.34
1170461,1059556,28086,2445,334,66,0,0,66.000,217.34
1170461,870224,1078028,5092,291,66,0,0,66.000,217.34
1170461,756594,766278,22380,334,66,0,0,66.000,217.34
1170461,398850,306304,74,292,66,0,0,66.000,217.34
1170461,583968,188745,1794,292,66,0,0,66.000,217.34
1170461,310728,109029,19256,292,66,0,0,66.000,217.34
1170461,1020218,115352,6322,292,66,0,0,66.000,217.34
1170461,1012601,1132255,12654,333,66,0,0,66.000,217.34
1170461,444861,1032335,10078,333,66,0,0,66.000,217.34
1170461,467752,553902,568,292,66,0,0,66.000,217.34
1170461,33310,345406,451,333,66,0,0,66.000,217.34
1170461,852480,454365,514,291,66,0,0,66.000,217.34
1170461,530335,638137,2891,333,66,0,0,66.000,217.34
1170461,13153,208945,16182,333,66,0,0,66.000,217.34
1170751,683480,814676,6413,333,66,0,0,66.000,297.48
1170751,415566,251437,10260,334,66,0,0,66.000,297.48
1170751,16921,467621,6983,292,66,0,0,66.000,297.48
1170751,1082243,1120704,5753,750,66,0,0,66.000,297.48
1170751,1067461,275022,888,291,66,0,0,66.000,297.48
1170751,75176,774840,2327,333,66,0,0,66.000,297.48
1170751,1009507,822904,2610,291,66,0,0,66.000,297.48
1170751,904922,592696,256,291,66,0,0,66.000,297.48
1170751,247758,952209,7819,291,66,0,0,66.000,297.48
1170751,474181,1132234,25372,333,66,0,0,66.000,297.48
1170751,913644,533276,33959,333,66,0,0,66.000,297.48
1170751,944409,159529,7421,333,66,0,0,66.000,297.48
1170751,995668,900220,12211,333,66,0,0,66.000,297.48
1170751,372572,134958,3765,334,66,0,0,66.000,297.48
1170751,720729,283808,16945,291,66,0,0,66.000,297.48
1170751,381136,831662,3003,333,66,0,0,66.000,297.48
1170751,1042424,246761,5405,292,66,0,0,66.000,297.48
1170751,579759,812067,12158,292,66,0,0,66.000,297.48
1170751,725942,491661,17160,333,66,0,0,66.000,297.48
1170751,38432,860139,7831,333,66,0,0,66.000,297.48
1172491,274165,739317,7256,292,66,0,0,66.000,184.51
1172491,501182,359431,13463,333,66,0,0,66.000,184.51
1172491,390452,119137,2693,709,66,0,0,66.000,184.51
1172491,1097151,94830,20573,292,66,0,0,66.000,184.51
1172491,862394,2376,2607,292,66,0,0,66.000,184.51
1172491,54193,739717,14368,333,66,0,0,66.000,184.51
1172491,101784,114940,3928,334,66,0,0,66.000,184.51
1172491,980556,1071175,2415,291,66,0,0,66.000,184.51
1172491,735857,593610,1806,333,66,0,0,66.000,184.51
1172491,542312,147233,1880,333,66,0,0,66.000,184.51
1172491,865520,1159780,5085,333,66,0,0,66.000,184.51
1172491,561899,375033,5387,333,66,0,0,66.000,184.51
1172491,825910,633221,1956,291,66,0,0,66.000,184.51
1172491,595075,1053596,5917,292,66,0,0,66.000,184.51
1172491,113612,532004,3845,291,66,0,0,66.000,184.51
1172491,708196,378116,3734,334,66,0,0,66.000,184.51
1172491,298213,870607,1404,334,66,0,0,66.000,184.51
1172491,326824,788255,5139,292,66,0,0,66.000,184.51
1172491,978197,693437,3020,333,66,0,0,66.000,184.51
1172491,401727,107773,10645,291,66,0,0,66.000,184.51
1177667,427397,289524,1797,333,66,0,0,66.000,360.48
1177667,263818,321094,12688,333,66,0,0,66.000,360.48
1177667,288233,1116800,1851,292,66,0,0,66.000,360.48
1177667,244305,264214,14609,333,66,0,0,66.000,360.48
1177667,345266,1028046,5453,334,66,0,0,66.000,360.48
1177667,668555,326185,12344,708,66,0,0,66.000,360.48
1177667,415889,466550,13771,333,66,0,0,66.000,360.48
1177667,380002,740996,4331,333,66,0,0,66.000,360.48
1177667,108088,239699,2433,334,66,0,0,66.000,360.48
1177667,220479,622337,9225,334,66,0,0,66.000,360.48
1177667,966545,614844,29920,292,66,0,0,66.000,360.48
1177667,947962,461773,18126,292,66,0,0,66.000,360.48
1177667,443574,271719,129,333,66,0,0,66.000,360.48
1177667,519139,1112768,3982,333,66,0,0,66.000,360.48
1177667,776135,294462,16832,375,66,0,0,66.000,360.48
1177667,871157,264935,24058,292,66,0,0,66.000,360.48
1177667,383814,1146744,16167,292,66,0,0,66.000,360.48
1177667,686535,994439,10455,292,66,0,0,66.000,360.48
1177667,469451,521980,24466,292,66,0,0,66.000,360.48
1177667,697691,403699,5731,291,66,0,0,66.000,360.48
1179047,645996,912604,2746,334,66,0,0,66.000,166.35
1179047,773319,923499,4454,334,66,0,0,66.000,166.35
1179047,895224,475700,980,291,66,0,0,66.000,166.35
1179047,1088925,136501,8719,292,66,0,0,66.000,166.35
1179047,169212,302302,2214,333,66,0,0,66.000,166.35
1179047,385366,443736,4628,333,66,0,0,66.000,166.35
1179047,770155,486513,2871,292,66,0,0,66.000,166.35
1179047,101769,14789,2770,291,66,0,0,66.000,166.35
1179047,983860,9734,4362,291,66,0,0,66.000,166.35
1179047,46016,960345,7294,292,66,0,0,66.000,166.35
1179047,528898,1032725,8082,292,66,0,0,66.000,166.35
1179047,569763,870069,224,333,66,0,0,66.000,166.35
1179047,1076527,890252,2362,333,66,0,0,66.000,166.35
1179047,63926,280318,8557,292,66,0,0,66.000,166.35
1179047,1128657,1114668,15297,333,66,0,0,66.000,166.35
1179047,1010385,659811,3817,291,66,0,0,66.000,166.35
1179047,653358,661461,11490,709,66,0,0,66.000,166.35
1179047,741376,940711,3047,709,66,0,0,66.000,166.35
1179047,671475,1134645,9040,709,66,0,0,66.000,166.35
1179047,948045,854436,2668,291,66,0,0,66.000,166.35
1179251,969162,663502,9453,292,66,0,0,66.000,132.71
1179251,455201,1137311,6048,333,66,0,0,66.000,132.71
1179251,787110,926849,1693,750,66,0,0,66.000,132.71
1179251,959867,1162524,4020,334,66,0,0,66.000,132.71
1179251,1075840,236375,16811,292,66,0,0,66.000,132.71
1179251,255523,892858,248,291,66,0,0,66.000,132.71
1179251,763848,285224,3243,292,66,0,0,66.000,132.71
1179251,651125,567219,2702,292,66,0,0,66.000,132.71
1179251,515426,942469,4919,333,66,0,0,66.000,132.71
1179251,1143805,873358,1611,292,66,0,0,66.000,132.71
1179251,806448,282372,7683,334,66,0,0,66.000,132.71
1179251,976126,728562,280,291,66,0,0,66.000,132.71
1179251,107460,329867,3287,333,66,0,0,66.000,132.71
1179251,1016752,826070,3426,333,66,0,0,66.000,132.71
1179251,601852,905313,1798,291,66,0,0,66.000,132.71
1179251,960486,324593,2719,291,66,0,0,66.000,132.71
1179251,1070373,4635,5642,375,66,0,0,66.000,132.71
1179251,1003672,1065010,1632,292,66,0,0,66.000,132.71
1179251,947365,613383,5117,333,66,0,0,66.000,132.71
1179251,767010,701076,1451,291,66,0,0,66.000,132.71
1182463,807029,1122551,7785,292,66,0,0,66.000,339.46
1182463,687444,731172,12270,333,66,0,0,66.000,339.46
1182463,443307,903615,10553,333,66,0,0,66.000,339.46
1182463,106466,277085,1359,708,66,0,0,66.000,339.46
1182463,482830,130926,12110,292,66,0,0,66.000,339.46
1182463,299854,576334,39596,292,66,0,0,66.000,339.46
1182463,795961,942058,1667,333,66,0,0,66.000,339.46
1182463,220166,460414,7235,333,66,0,0,66.000,339.46
1182463,397911,449167,31149,292,66,0,0,66.000,339.46
1182463,773017,227533,4348,292,66,0,0,66.000,339.46
1182463,552232,1089818,842,292,66,0,0,66.000,339.46
1182463,1168689,969438,1966,333,66,0,0,66.000,339.46
1182463,363638,722867,38,333,66,0,0,66.000,339.46
1182463,183130,1044585,18517,292,66,0,0,66.000,339.46
1182463,737837,62571,6929,292,66,0,0,66.000,339.46
1182463,438917,57320,35993,333,66,0,0,66.000,339.46
1182463,802260,768137,4393,334,66,0,0,66.000,339.46
1182463,109136,717374,11170,292,66,0,0,66.000,339.46
1182463,444713,331793,770,333,66,0,0,66.000,339.46
1182463,950240,674186,6552,292,66,0,0,66.000,339.46
1185181,665933,585647,14949,292,66,0,0,66.000,755.95
1185181,288785,565006,1914,334,66,0,0,66.000,755.95
1185181,496223,293274,4513,291,66,0,0,66.000,755.95
1185181,68378,450876,244,334,66,0,0,66.000,755.95
1185181,838047,895903,45127,333,66,0,0,66.000,755.95
1185181,393454,150647,3774,333,66,0,0,66.000,755.95
1185181,600604,173667,3229,292,66,0,0,66.000,755.95
1185181,627300,1004571,503,333,66,0,0,66.000,755.95
1185181,917378,456796,7590,333,66,0,0,66.000,755.95
1185181,1106783,156168,4199,334,66,0,0,66.000,755.95
1185181,956633,950100,57239,333,66,0,0,66.000,755.95
1185181,1024640,975967,91758,292,66,0,0,66.000,755.95
1185181,627358,503845,30233,292,66,0,0,66.000,755.95
1185181,860376,305892,40907,750,66,0,0,66.000,755.95
1185181,1022535,1124127,3750,333,66,0,0,66.000,755.95
1185181,825172,1056471,45797,292,66,0,0,66.000,755.95
1185181,184641,775296,77210,333,66,0,0,66.000,755.95
1185181,890042,342868,3332,334,66,0,0,66.000,755.95
1185181,2760,22996,19141,708,66,0,0,66.000,755.95
1185181,864232,83277,24400,333,66,0,0,66.000,755.95
1188553,500595,1069918,6306,333,66,0,0,66.000,246.15
1188553,564837,486420,14798,292,66,0,0,66.000,246.15
1188553,425842,385832,29848,333,66,0,0,66.000,246.15
1188553,313358,1118797,6904,292,66,0,0,66.000,246.15
1188553,1012739,764350,1112,708,66,0,0,66.000,246.15
1188553,1150843,905033,929,292,66,0,0,66.000,246.15
1188553,753960,125403,3526,334,66,0,0,66.000,246.15
1188553,1143922,446922,13469,334,66,0,0,66.000,246.15
1188553,1127415,855642,2218,333,66,0,0,66.000,246.15
1188553,760823,533503,3627,292,66,0,0,66.000,246.15
1188553,982933,898164,3028,291,66,0,0,66.000,246.15
1188553,354989,129707,20854,334,66,0,0,66.000,246.15
1188553,271874,970543,15453,292,66,0,0,66.000,246.15
1188553,218343,47643,1411,334,66,0,0,66.000,246.15
1188553,856015,134887,15766,292,66,0,0,66.000,246.15
1188553,551037,832572,1393,333,66,0,0,66.000,246.15
1188553,1134987,559153,1689,334,66,0,0,66.000,246.15
1188553,596525,380665,122,292,66,0,0,66.000,246.15
1188553,364440,1137453,11482,333,66,0,0,66.000,246.15
1188553,222374,942322,2037,292,66,0,0,66.000,246.15
1189021,914692,951335,2944,292,66,0,0,66.000,171.80
1189021,15190,815343,251,334,66,0,0,66.000,171.80
1189021,307504,140546,639,333,66,0,0,66.000,171.80
1189021,765642,935973,1160,291,66,0,0,66.000,171.80
1189021,722400,310819,819,333,66,0,0,66.000,171.80
1189021,45534,352577,1993,292,66,0,0,66.000,171.80
1189021,1051276,405309,8758,334,66,0,0,66.000,171.80
1189021,561034,501841,1570,291,66,0,0,66.000,171.80
1189021,658282,751879,5815,292,66,0,0,66.000,171.80
1189021,285535,16524,13195,750,66,0,0,66.000,171.80
1189021,878312,431510,3412,333,66,0,0,66.000,171.80
1189021,434259,833414,13556,333,66,0,0,66.000,171.80
1189021,433155,476051,4947,750,66,0,0,66.000,171.80
1189021,98451,706702,8591,334,66,0,0,66.000,171.80
1189021,806411,833591,15683,291,66,0,0,66.000,171.80
1189021,569577,604231,6062,292,66,0,0,66.000,171.80
1189021,454968,251624,804,333,66,0,0,66.000,171.80
1189021,819766,1133523,4200,292,66,0,0,66.000,171.80
1189021,224730,7352,1018,334,66,0,0,66.000,171.80
1189021,168268,337104,13496,334,66,0,0,66.000,171.80
1190929,219715,561474,9605,333,66,0,0,66.000,573.19
1190929,252128,913525,22860,292,66,0,0,66.000,573.19
1190929,349901,631317,23400,291,66,0,0,66.000,573.19
1190929,934154,333736,42916,292,66,0,0,66.000,573.19
1190929,34415,175533,17848,292,66,0,0,66.000,573.19
1190929,223593,1046694,16806,333,66,0,0,66.000,573.19
1190929,757736,846296,26453,334,66,0,0,66.000,573.19
1190929,1023265,422198,12361,292,66,0,0,66.000,573.19
1190929,546446,335352,9074,291,66,0,0,66.000,573.19
1190929,63376,747076,8161,334,66,0,0,66.000,573.19
1190929,1023405,520965,8963,292,66,0,0,66.000,573.19
1190929,466712,630667,10722,333,66,0,0,66.000,573.19
1190929,224933,602057,12893,333,66,0,0,66.000,573.19
1190929,275990,621618,38772,333,66,0,0,66.000,573.19
1190929,145759,1147975,4819,292,66,0,0,66.000,573.19
1190929,143077,538759,2160,333,66,0,0,66.000,573.19
1190929,1123069,175282,16986,334,66,0,0,66.000,573.19
1190929,411681,888527,15806,292,66,0,0,66.000,573.19
1190929,886136,468918,38087,334,66,0,0,66.000,573.19
1190929,976907,74178,23856,333,66,0,0,66.000,573.19
1192651,1101672,449956,6341,333,66,0,0,66.000,218.34
1192651,623872,117781,21931,333,66,0,0,66.000,218.34
1192651,197557,883540,11255,333,66,0,0,66.000,218.34
1192651,240998,186541,2912,291,66,0,0,66.000,218.34
1192651,394424,105257,1790,292,66,0,0,66.000,218.34
1192651,284153,624937,5569,708,66,0,0,66.000,218.34
1192651,225257,117224,4339,708,66,0,0,66.000,218.34
1192651,1116630,963571,3048,334,66,0,0,66.000,218.34
1192651,342801,241976,13334,291,66,0,0,66.000,218.34
1192651,441265,121435,7363,333,66,0,0,66.000,218.34
1192651,539224,469304,17,417,66,0,0,66.000,218.34
1192651,549520,535321,2655,292,66,0,0,66.000,218.34
1192651,154590,266046,809,708,66,0,0,66.000,218.34
1192651,431444,202654,32944,333,66,0,0,66.000,218.34
1192651,972300,771871,2427,333,66,0,0,66.000,218.34
1192651,7223,446264,1999,333,66,0,0,66.000,218.34
1192651,998224,287431,5432,333,66,0,0,66.000,218.34
1192651,17958,462784,1178,291,66,0,0,66.000,218.34
1192651,342084,392421,1510,333,66,0,0,66.000,218.34
1192651,163496,787673,11576,333,66,0,0,66.000,218.34
1192967,185392,359349,2154,291,66,0,0,66.000,128.44
1192967,359283,956150,5796,333,66,0,0,66.000,128.44
1192967,960021,397266,931,292,66,0,0,66.000,128.44
1192967,810886,844525,5999,334,66,0,0,66.000,128.44
1192967,1010025,105630,1231,333,66,0,0,66.000,128.44
1192967,263381,831030,2163,292,66,0,0,66.000,128.44
1192967,498125,986431,1825,292,66,0,0,66.000,128.44
1192967,707586,545045,2500,333,66,0,0,66.000,128.44
1192967,358658,966441,1203,709,66,0,0,66.000,128.44
1192967,246118,39828,153,708,66,0,0,66.000,128.44
1192967,686455,38942,5480,292,66,0,0,66.000,128.44
1192967,1168814,186739,3388,350,66,0,0,66.000,128.44
1192967,1181165,158614,3934,375,66,0,0,66.000,128.44
1192967,735532,214240,8700,292,66,0,0,66.000,128.44
1192967,1134549,812240,341,291,66,0,0,66.000,128.44
1192967,305261,515393,3727,292,66,0,0,66.000,128.44
1192967,662603,1132582,12050,292,66,0,0,66.000,128.44
1192967,57335,242850,3280,334,66,0,0,66.000,128.44
1192967,1171724,811394,7885,333,66,0,0,66.000,128.44
1192967,963441,391540,8616,333,66,0,0,66.000,128.44
1193431,1029610,799596,15703,334,66,0,0,66.000,308.11
1193431,1022109,566375,10462,292,66,0,0,66.000,308.11
1193431,252217,858916,3005,292,66,0,0,66.000,308.11
1193431,1113507,945049,3902,333,66,0,0,66.000,308.11
1193431,1169950,614298,5089,292,66,0,0,66.000,308.11
1193431,649976,575964,5651,333,66,0,0,66.000,308.11
1193431,460271,1122825,1187,292,66,0,0,66.000,308.11
1193431,664974,543158,5759,333,66,0,0,66.000,308.11
1193431,254976,979346,25296,291,66,0,0,66.000,308.11
1193431,284506,101371,14875,334,66,0,0,66.000,308.11
1193431,146805,794742,23447,333,66,0,0,66.000,308.11
1193431,650494,1159090,16862,333,66,0,0,66.000,308.11
1193431,1037032,855722,6887,334,66,0,0,66.000,308.11
1193431,401978,1158961,14123,291,66,0,0,66.000,308.11
1193431,88947,293244,1732,334,66,0,0,66.000,308.11
1193431,791364,47791,7447,334,66,0,0,66.000,308.11
1193431,558673,859874,15206,292,66,0,0,66.000,308.11
1193431,788127,519227,8957,333,66,0,0,66.000,308.11
1193431,685547,415232,403,333,66,0,0,66.000,308.11
1193431,749081,737473,8632,709,66,0,0,66.000,308.11
1193483,7788,308962,6770,292,66,0,0,66.000,228.47
1193483,696871,1003161,1999,292,66,0,0,66.000,228.47
1193483,1182992,1044326,28756,333,66,0,0,66.000,228.47
1193483,857228,394370,3260,334,66,0,0,66.000,228.47
1193483,396321,811221,9980,333,66,0,0,66.000,228.47
1193483,685574,965825,20486,333,66,0,0,66.000,228.47
1193483,598092,306100,8597,333,66,0,0,66.000,228.47
1193483,730688,227436,1642,334,66,0,0,66.000,228.47
1193483,614787,388626,5781,334,66,0,0,66.000,228.47
1193483,178490,848062,4882,292,66,0,0,66.000,228.47
1193483,516919,320574,3221,334,66,0,0,66.000,228.47
1193483,260215,658347,684,709,66,0,0,66.000,228.47
1193483,484412,1044140,22452,292,66,0,0,66.000,228.47
1193483,472718,666127,1917,334,66,0,0,66.000,228.47
1193483,462795,661200,3466,292,66,0,0,66.000,228.47
1193483,228793,447322,1912,291,66,0,0,66.000,228.47
1193483,958123,664525,5210,333,66,0,0,66.000,228.47
1193483,32702,269112,1340,292,66,0,0,66.000,228.47
1193483,475499,1030924,7471,268,66,0,0,66.000,228.47
1193483,146340,534138,4880,334,66,0,0,66.000,228.47
1195039,1066051,214883,2389,334,66,0,0,66.000,234.56
1195039,1086929,526683,4216,291,66,0,0,66.000,234.56
1195039,164344,488553,11796,292,66,0,0,66.000,234.56
1195039,1034914,544166,6631,292,66,0,0,66.000,234.56
1195039,149342,1121783,9658,333,66,0,0,66.000,234.56
1195039,751717,845635,5360,333,66,0,0,66.000,234.56
1195039,178483,499414,4097,292,66,0,0,66.000,234.56
1195039,586447,1351,2910,292,66,0,0,66.000,234.56
1195039,325376,832523,1863,333,66,0,0,66.000,234.56
1195039,959136,354134,17552,833,66,0,0,66.000,234.56
1195039,491928,1033407,11227,292,66,0,0,66.000,234.56
1195039,155832,1005899,3290,292,66,0,0,66.000,234.56
1195039,768215,827172,3985,333,66,0,0,66.000,234.56
1195039,500948,427684,8594,291,66,0,0,66.000,234.56
1195039,451776,1162109,235,333,66,0,0,66.000,234.56
1195039,888322,369257,3306,333,66,0,0,66.000,234.56
1195039,266701,992066,7364,292,66,0,0,66.000,234.56
1195039,991329,901821,2581,291,66,0,0,66.000,234.56
1195039,1157202,911410,11675,708,66,0,0,66.000,234.56
1195039,716957,1070804,29969,333,66,0,0,66.000,234.56
1195459,72765,1193831,3154,292,66,0,0,66.000,367.10
1195459,172667,1067004,13488,292,66,0,0,66.000,367.10
1195459,749341,1124375,6924,291,66,0,0,66.000,367.10
1195459,152073,999718,27014,334,66,0,0,66.000,367.10
1195459,275733,919903,184,291,66,0,0,66.000,367.10
1195459,834343,646720,29163,333,66,0,0,66.000,367.10
1195459,422687,778897,11122,291,66,0,0,66.000,367.10
1195459,208800,294980,38719,291,66,0,0,66.000,367.10
1195459,694153,989276,14151,292,66,0,0,66.000,367.10
1195459,994537,928480,11303,333,66,0,0,66.000,367.10
1195459,949382,900140,10936,333,66,0,0,66.000,367.10
1195459,279261,665140,981,291,66,0,0,66.000,367.10
1195459,1016645,719556,2033,292,66,0,0,66.000,367.10
1195459,253367,434843,12430,708,66,0,0,66.000,367.10
1195459,294762,65681,2547,708,66,0,0,66.000,367.10
1195459,482202,1029669,18663,333,66,0,0,66.000,367.10
1195459,1054496,215435,4947,292,66,0,0,66.000,367.10
1195459,361641,163168,11782,334,66,0,0,66.000,367.10
1195459,935140,761231,1936,333,66,0,0,66.000,367.10
1195459,544786,786246,11237,292,66,0,0,66.000,367.10
1195721,83386,193228,1739,292,66,0,0,66.000,159.81
1195721,93942,876425,2362,333,66,0,0,66.000,159.81
1195721,141027,813584,6209,333,66,0,0,66.000,159.81
1195721,254825,997456,5016,292,66,0,0,66.000,159.81
1195721,448570,740058,724,333,66,0,0,66.000,159.81
1195721,919210,866822,1411,292,66,0,0,66.000,159.81
1195721,814573,700953,1314,291,66,0,0,66.000,159.81
1195721,574964,704527,885,333,66,0,0,66.000,159.81
1195721,331832,775489,2013,292,66,0,0,66.000,159.81
1195721,1071651,887872,13606,333,66,0,0,66.000,159.81
1195721,885904,1079683,11103,292,66,0,0,66.000,159.81
1195721,727456,415278,4450,708,66,0,0,66.000,159.81
1195721,808282,1013410,10770,291,66,0,0,66.000,159.81
1195721,605387,364910,1359,292,66,0,0,66.000,159.81
1195721,629227,50260,2712,291,66,0,0,66.000,159.81
1195721,1097189,194117,441,291,66,0,0,66.000,159.81
1195721,13915,393536,6017,292,66,0,0,66.000,159.81
1195721,113871,296239,1623,291,66,0,0,66.000,159.81
1195721,586764,478513,21764,292,66,0,0,66.000,159.81
1195721,591769,955546,377,291,66,0,0,66.000,159.81
1195741,100341,783315,485,333,66,0,0,66.000,87.78
1195741,279640,1007409,113,291,66,0,0,66.000,87.78
1195741,651862,958279,2435,291,66,0,0,66.000,87.78
1195741,353164,189258,3466,292,66,0,0,66.000,87.78
1195741,684536,783672,446,334,66,0,0,66.000,87.78
1195741,782803,305652,875,333,66,0,0,66.000,87.78
1195741,343984,1064455,59,292,66,0,0,66.000,87.78
1195741,488101,506502,2987,292,66,0,0,66.000,87.78
1195741,819321,420813,3165,708,66,0,0,66.000,87.78
1195741,641197,1123962,12039,333,66,0,0,66.000,87.78
1195741,836275,1194948,1347,292,66,0,0,66.000,87.78
1195741,1045750,765638,432,333,66,0,0,66.000,87.78
1195741,685639,710847,2596,708,66,0,0,66.000,87.78
1195741,370322,1072188,7255,292,66,0,0,66.000,87.78
1195741,440388,1139935,2553,333,66,0,0,66.000,87.78
1195741,1069251,1177512,3554,750,66,0,0,66.000,87.78
1195741,368081,1168515,1992,291,66,0,0,66.000,87.78
1195741,921556,1008016,1013,708,66,0,0,66.000,87.78
1195741,187311,283095,785,334,66,0,0,66.000,87.78
1195741,460792,82829,7481,333,66,0,0,66.000,87.78
1201843,989655,809110,828,709,66,0,0,66.000,482.65
1201843,768317,893825,25293,292,66,0,0,66.000,482.65
1201843,479663,300233,268,333,66,0,0,66.000,482.65
1201843,322418,450903,25096,292,66,0,0,66.000,482.65
1201843,372673,334212,8704,291,66,0,0,66.000,482.65
1201843,378388,130493,2853,291,66,0,0,66.000,482.65
1201843,233424,459470,7032,334,66,0,0,66.000,482.65
1201843,799011,82435,2062,292,66,0,0,66.000,482.65
1201843,255022,239818,22546,750,66,0,0,66.000,482.65
1201843,388847,907795,17842,333,66,0,0,66.000,482.65
1201843,710994,1084516,47263,708,66,0,0,66.000,482.65
1201843,1038323,330156,23588,334,66,0,0,66.000,482.65
1201843,752495,1198737,915,291,66,0,0,66.000,482.65
1201843,734578,1103174,2050,333,66,0,0,66.000,482.65
1201843,268029,44778,23795,334,66,0,0,66.000,482.65
1201843,506686,993801,5782,333,66,0,0,66.000,482.65
1201843,1103424,2210,92,708,66,0,0,66.000,482.65
1201843,588975,898641,48003,292,66,0,0,66.000,482.65
1201843,1193735,811654,38765,334,66,0,0,66.000,482.65
1201843,629984,1145769,3670,333,66,0,0,66.000,482.65
1204711,1075959,360415,7695,292,66,0,0,66.000,163.97
1204711,32143,592683,11973,291,66,0,0,66.000,163.97
1204711,722690,872398,2038,291,66,0,0,66.000,163.97
1204711,1119654,826598,3805,333,66,0,0,66.000,163.97
1204711,190895,981663,452,334,66,0,0,66.000,163.97
1204711,966892,78220,422,292,66,0,0,66.000,163.97
1204711,366418,966308,507,292,66,0,0,66.000,163.97
1204711,189483,1147460,2265,334,66,0,0,66.000,163.97
1204711,881091,949087,3887,292,66,0,0,66.000,163.97
1204711,718815,206821,8676,333,66,0,0,66.000,163.97
1204711,445807,117194,60,291,66,0,0,66.000,163.97
1204711,170127,565197,6996,291,66,0,0,66.000,163.97
1204711,537116,1152445,10095,292,66,0,0,66.000,163.97
1204711,811043,246589,1715,292,66,0,0,66.000,163.97
1204711,1085449,1017114,16979,333,66,0,0,66.000,163.97
1204711,601745,749767,15716,333,66,0,0,66.000,163.97
1204711,861842,66097,6727,334,66,0,0,66.000,163.97
1204711,675492,941911,1062,333,66,0,0,66.000,163.97
1204711,251634,256730,1007,292,66,0,0,66.000,163.97
1204711,1136488,35197,2071,334,66,0,0,66.000,163.97
1207043,368951,650043,2146,292,66,0,0,66.000,126.49
1207043,192914,665620,6575,291,66,0,0,66.000,126.49
1207043,312559,34229,1045,292,66,0,0,66.000,126.49
1207043,886807,291641,250,334,66,0,0,66.000,126.49
1207043,411243,698288,13433,334,66,0,0,66.000,126.49
1207043,723339,1143786,2682,291,66,0,0,66.000,126.49
1207043,616297,705670,5668,292,66,0,0,66.000,126.49
1207043,790028,87674,868,750,66,0,0,66.000,126.49
1207043,821086,476884,3818,292,66,0,0,66.000,126.49
1207043,756412,268901,8315,292,66,0,0,66.000,126.49
1207043,291858,1140562,4870,292,66,0,0,66.000,126.49
1207043,466299,131575,2138,334,66,0,0,66.000,126.49
1207043,124808,787058,8020,334,66,0,0,66.000,126.49
1207043,271948,136977,2545,292,66,0,0,66.000,126.49
1207043,690826,430533,2913,292,66,0,0,66.000,126.49
1207043,637223,793995,4395,292,66,0,0,66.000,126.49
1207043,908109,140541,4108,292,66,0,0,66.000,126.49
1207043,129988,867030,1985,292,66,0,0,66.000,126.49
1207043,695601,1203865,295,292,66,0,0,66.000,126.49
1207043,489132,879914,3899,291,66,0,0,66.000,126.49
1210597,346065,1154762,15634,292,66,0,0,66.000,304.97
1210597,675567,1002161,7028,291,66,0,0,66.000,304.97
1210597,739389,1172933,2314,292,66,0,0,66.000,304.97
1210597,792166,239237,17100,292,66,0,0,66.000,304.97
1210597,820562,216808,10314,334,66,0,0,66.000,304.97
1210597,649181,55261,8314,333,66,0,0,66.000,304.97
1210597,209454,198772,5585,292,66,0,0,66.000,304.97
1210597,913115,438718,29932,292,66,0,0,66.000,304.97
1210597,666672,1090033,10015,333,66,0,0,66.000,304.97
1210597,260457,368620,6305,334,66,0,0,66.000,304.97
1210597,1053485,533078,19099,292,66,0,0,66.000,304.97
1210597,716070,1012854,16466,334,66,0,0,66.000,304.97
1210597,1076180,325573,8681,292,66,0,0,66.000,304.97
1210597,923833,675236,1984,292,66,0,0,66.000,304.97
1210597,349654,435455,1685,292,66,0,0,66.000,304.97
1210597,1100158,321410,8592,333,66,0,0,66.000,304.97
1210597,197115,737501,3952,292,66,0,0,66.000,304.97
1210597,654241,253176,7042,291,66,0,0,66.000,304.97
1210597,1030542,1026027,4616,292,66,0,0,66.000,304.97
1210597,494305,482438,8629,292,66,0,0,66.000,304.97
1213063,766249,54905,28711,708,66,0,0,66.000,350.31
1213063,813758,999293,9627,292,66,0,0,66.000,350.31
1213063,691254,1135757,36379,292,66,0,0,66.000,350.31
1213063,849286,1034243,527,334,66,0,0,66.000,350.31
1213063,1051868,904231,1046,334,66,0,0,66.000,350.31
1213063,684005,428478,2994,333,66,0,0,66.000,350.31
1213063,801483,786694,13156,292,66,0,0,66.000,350.31
1213063,451518,862619,6805,291,66,0,0,66.000,350.31
1213063,952085,714643,20681,292,66,0,0,66.000,350.31
1213063,1082372,480690,484,333,66,0,0,66.000,350.31
1213063,441274,118324,5394,333,66,0,0,66.000,350.31
1213063,1129413,402986,1044,292,66,0,0,66.000,350.31
1213063,844998,569146,3209,292,66,0,0,66.000,350.31
1213063,526070,646497,7334,291,66,0,0,66.000,350.31
1213063,756638,359434,16638,292,66,0,0,66.000,350.31
1213063,1098083,747833,495,292,66,0,0,66.000,350.31
1213063,414732,167252,6906,333,66,0,0,66.000,350.31
1213063,1086268,1189308,22458,292,66,0,0,66.000,350.31
1213063,14249,504017,15636,334,66,0,0,66.000,350.31
1213063,1081311,104253,22577,833,66,0,0,66.000,350.31
1214957,773336,913831,8070,334,66,0,0,66.000,523.36
1214957,170156,852816,13241,709,66,0,0,66.000,523.36
1214957,116368,1050255,30286,291,66,0,0,66.000,523.36
1214957,626202,1025416,12454,708,66,0,0,66.000,523.36
1214957,79992,635722,12548,351,66,0,0,66.000,523.36
1214957,148753,764559,3845,292,66,0,0,66.000,523.36
1214957,182660,307587,10149,333,66,0,0,66.000,523.36
1214957,652872,127381,3909,333,66,0,0,66.000,523.36
1214957,785934,122889,19704,333,66,0,0,66.000,523.36
1214957,636731,89636,27322,333,66,0,0,66.000,523.36
1214957,899615,479838,14561,334,66,0,0,66.000,523.36
1214957,693415,526293,13294,292,66,0,0,66.000,523.36
1214957,449164,1001255,40839,333,66,0,0,66.000,523.36
1214957,428515,597012,7779,334,66,0,0,66.000,523.36
1214957,349074,86030,57964,333,66,0,0,66.000,523.36
1214957,770971,1108219,2847,333,66,0,0,66.000,523.36
1214957,581210,760848,1449,291,66,0,0,66.000,523.36
1214957,560835,721703,26607,292,66,0,0,66.000,523.36
1214957,934060,143462,14900,291,66,0,0,66.000,523.36
1214957,224553,1158393,10263,292,66,0,0,66.000,523.36
1216591,831492,302096,469,291,66,0,0,66.000,194.71
1216591,523295,640266,7253,292,66,0,0,66.000,194.71
1216591,662409,947386,482,292,66,0,0,66.000,194.71
1216591,957591,44736,599,291,66,0,0,66.000,194.71
1216591,15668,648931,3928,291,66,0,0,66.000,194.71
1216591,720653,414215,9574,292,66,0,0,66.000,194.71
1216591,313288,71452,2670,292,66,0,0,66.000,194.71
1216591,522826,921798,4170,333,66,0,0,66.000,194.71
1216591,292203,222402,8826,292,66,0,0,66.000,194.71
1216591,1111790,793671,623,292,66,0,0,66.000,194.71
1216591,991529,727553,24418,291,66,0,0,66.000,194.71
1216591,190716,783195,14230,292,66,0,0,66.000,194.71
1216591,1010055,338446,360,708,66,0,0,66.000,194.71
1216591,724733,1001662,3491,291,66,0,0,66.000,194.71
1216591,525200,367926,15353,292,66,0,0,66.000,194.71
1216591,196233,1022539,1009,333,66,0,0,66.000,194.71
1216591,780351,542435,3556,292,66,0,0,66.000,194.71
1216591,1055621,836164,10427,333,66,0,0,66.000,194.71
1216591,1205003,595551,6776,292,66,0,0,66.000,194.71
1216591,42075,255774,5356,750,66,0,0,66.000,194.71
1220623,673438,565649,20010,291,66,0,0,66.000,315.45
1220623,909204,794163,6623,333,66,0,0,66.000,315.45
1220623,1062926,1034164,4595,291,66,0,0,66.000,315.45
1220623,1150336,804155,15326,291,66,0,0,66.000,315.45
1220623,1116256,940773,6264,334,66,0,0,66.000,315.45
1220623,566044,547879,907,292,66,0,0,66.000,315.45
1220623,28519,713734,7376,708,66,0,0,66.000,315.45
1220623,864771,736530,32171,291,66,0,0,66.000,315.45
1220623,710250,564006,4711,292,66,0,0,66.000,315.45
1220623,769872,866589,6712,334,66,0,0,66.000,315.45
1220623,533444,619824,5581,292,66,0,0,66.000,315.45
1220623,641209,904128,7745,333,66,0,0,66.000,315.45
1220623,577608,617098,1214,333,66,0,0,66.000,315.45
1220623,945303,1112919,3127,291,66,0,0,66.000,315.45
1220623,183326,130682,13909,333,66,0,0,66.000,315.45
1220623,410736,255926,435,333,66,0,0,66.000,315.45
1220623,856214,1190349,3165,333,66,0,0,66.000,315.45
1220623,1083746,1091702,46856,291,66,0,0,66.000,315.45
1220623,862958,96942,10747,709,66,0,0,66.000,315.45
1220623,1209522,996344,1767,334,66,0,0,66.000,315.45
1221391,467393,730966,2988,291,66,0,0,66.000,256.11
1221391,1032490,1041978,566,291,66,0,0,66.000,256.11
1221391,851014,311139,5733,291,66,0,0,66.000,256.11
1221391,274867,269608,11616,333,66,0,0,66.000,256.11
1221391,293427,607562,3151,292,66,0,0,66.000,256.11
1221391,256108,1177969,6836,750,66,0,0,66.000,256.11
1221391,1052558,811403,14077,333,66,0,0,66.000,256.11
1221391,527689,782255,1582,292,66,0,0,66.000,256.11
1221391,457056,719377,4377,292,66,0,0,66.000,256.11
1221391,1211703,902128,4038,292,66,0,0,66.000,256.11
1221391,995874,133147,5545,292,66,0,0,66.000,256.11
1221391,1204454,1022707,13358,333,66,0,0,66.000,256.11
1221391,880064,604033,5844,291,66,0,0,66.000,256.11
1221391,33568,204368,10098,333,66,0,0,66.000,256.11
1221391,185478,723113,10140,334,66,0,0,66.000,256.11
1221391,210364,858974,26786,291,66,0,0,66.000,256.11
1221391,1096885,146365,3939,291,66,0,0,66.000,256.11
1221391,1211210,746897,8021,292,66,0,0,66.000,256.11
1221391,510172,527428,5629,333,66,0,0,66.000,256.11
1221391,1100453,579897,18021,292,66,0,0,66.000,256.11
1223863,508179,203186,2700,334,66,0,0,66.000,282.08
1223863,544725,798647,4493,333,66,0,0,66.000,282.08
1223863,1106250,307015,12850,333,66,0,0,66.000,282.08
1223863,869771,988570,2484,292,66,0,0,66.000,282.08
1223863,225281,133089,6473,333,66,0,0,66.000,282.08
1223863,239363,1178194,23597,333,66,0,0,66.000,282.08
1223863,147985,697849,4215,292,66,0,0,66.000,282.08
1223863,472004,339887,5626,350,66,0,0,66.000,282.08
1223863,261438,467896,1376,709,66,0,0,66.000,282.08
1223863,333405,113873,7526,292,66,0,0,66.000,282.08
1223863,267121,746991,232,292,66,0,0,66.000,282.08
1223863,650776,963162,16297,334,66,0,0,66.000,282.08
1223863,769522,657758,4050,750,66,0,0,66.000,282.08
1223863,381206,148101,7652,333,66,0,0,66.000,282.08
1223863,1073126,185708,2158,292,66,0,0,66.000,282.08
1223863,619077,942628,2001,292,66,0,0,66.000,282.08
1223863,259257,30894,4735,333,66,0,0,66.000,282.08
1223863,300690,1034917,4124,333,66,0,0,66.000,282.08
1223863,336796,1040353,11994,334,66,0,0,66.000,282.08
1223863,814799,1205016,54344,333,66,0,0,66.000,282.08
1224637,53467,253361,3379,292,66,0,0,66.000,468.00
1224637,377459,714229,9916,709,66,0,0,66.000,468.00
1224637,536165,995559,8758,291,66,0,0,66.000,468.00
1224637,615292,85570,11588,333,66,0,0,66.000,468.00
1224637,261139,656267,21276,333,66,0,0,66.000,468.00
1224637,33302,1194966,15570,292,66,0,0,66.000,468.00
1224637,9024,57062,3170,291,66,0,0,66.000,468.00
1224637,855502,1072263,13666,333,66,0,0,66.000,468.00
1224637,1113964,101119,8435,291,66,0,0,66.000,468.00
1224637,626777,178895,6722,292,66,0,0,66.000,468.00
1224637,1037460,666230,3551,333,66,0,0,66.000,468.00
1224637,276225,162011,12971,292,66,0,0,66.000,468.00
1224637,27022,760663,1162,292,66,0,0,66.000,468.00
1224637,1095334,823069,18928,333,66,0,0,66.000,468.00
1224637,879374,351991,4883,291,66,0,0,66.000,468.00
1224637,1085021,538122,50190,291,66,0,0,66.000,468.00
1224637,962827,1001989,27602,292,66,0,0,66.000,468.00
1224637,576559,302207,16420,334,66,0,0,66.000,468.00
1224637,289500,1078805,13133,292,66,0,0,66.000,468.00
1224637,242517,312517,45547,334,66,0,0,66.000,468.00
1225621,1006705,687143,6011,333,66,0,0,66.000,520.67
1225621,214050,796752,188,292,66,0,0,66.000,520.67
1225621,190000,773364,8530,292,66,0,0,66.000,520.67
1225621,873385,1217583,18674,292,66,0,0,66.000,520.67
1225621,295555,206421,19083,333,66,0,0,66.000,520.67
1225621,432858,1005586,7705,291,66,0,0,66.000,520.67
1225621,1067459,602022,30185,333,66,0,0,66.000,520.67
1225621,980100,726497,48534,292,66,0,0,66.000,520.67
1225621,422323,233556,8740,291,66,0,0,66.000,520.67
1225621,746357,488143,8424,291,66,0,0,66.000,520.67
1225621,46670,558721,15274,333,66,0,0,66.000,520.67
1225621,807637,611082,58154,333,66,0,0,66.000,520.67
1225621,66476,188121,2066,333,66,0,0,66.000,520.67
1225621,1030545,589935,19321,291,66,0,0,66.000,520.67
1225621,282506,259879,26668,291,66,0,0,66.000,520.67
1225621,478966,226419,10299,292,66,0,0,66.000,520.67
1225621,93552,499511,1929,334,66,0,0,66.000,520.67
1225621,466715,181363,27442,333,66,0,0,66.000,520.67
1225621,460036,740124,7281,267,66,0,0,66.000,520.67
1225621,210994,176453,5837,333,66,0,0,66.000,520.67
1225927,764454,902490,13703,334,66,0,0,66.000,290.21
1225927,1148880,419717,9551,708,66,0,0,66.000,290.21
1225927,968051,594845,18534,333,66,0,0,66.000,290.21
1225927,1182920,33734,13149,334,66,0,0,66.000,290.21
1225927,633742,938274,1427,333,66,0,0,66.000,290.21
1225927,953018,937282,2674,333,66,0,0,66.000,290.21
1225927,351517,628168,13601,334,66,0,0,66.000,290.21
1225927,1170607,156517,9704,291,66,0,0,66.000,290.21
1225927,1192278,417830,1328,291,66,0,0,66.000,290.21
1225927,235003,632705,5203,292,66,0,0,66.000,290.21
1225927,590297,25180,13288,333,66,0,0,66.000,290.21
1225927,110560,838519,687,292,66,0,0,66.000,290.21
1225927,1030812,168278,5941,291,66,0,0,66.000,290.21
1225927,6795,944041,15756,291,66,0,0,66.000,290.21
1225927,581487,362691,15382,291,66,0,0,66.000,290.21
1225927,403660,1040528,10817,292,66,0,0,66.000,290.21
1225927,897200,1200045,10819,291,66,0,0,66.000,290.21
1225927,405360,542428,4817,334,66,0,0,66.000,290.21
1225927,598045,864355,11209,334,66,0,0,66.000,290.21
1225927,797661,161053,6359,292,66,0,0,66.000,290.21
1227881,1164369,1142588,4129,291,66,0,0,66.000,146.82
1227881,94143,195940,11302,292,66,0,0,66.000,146.82
1227881,497394,120077,1254,333,66,0,0,66.000,146.82
1227881,688642,1134744,4135,291,66,0,0,66.000,146.82
1227881,662862,996649,3399,291,66,0,0,66.000,146.82
1227881,1139684,551011,8770,292,66,0,0,66.000,146.82
1227881,105484,6081,4134,333,66,0,0,66.000,146.82
1227881,1177047,41560,913,334,66,0,0,66.000,146.82
1227881,806696,676067,2111,709,66,0,0,66.000,146.82
1227881,216629,491650,6188,333,66,0,0,66.000,146.82
1227881,569496,327995,5680,291,66,0,0,66.000,146.82
1227881,375079,409462,553,333,66,0,0,66.000,146.82
1227881,957182,1073163,14348,292,66,0,0,66.000,146.82
1227881,465643,331520,3461,834,66,0,0,66.000,146.82
1227881,1112378,677665,1121,292,66,0,0,66.000,146.82
1227881,993451,492897,2471,292,66,0,0,66.000,146.82
1227881,943821,476258,9810,350,66,0,0,66.000,146.82
1227881,735236,1110879,5577,334,66,0,0,66.000,146.82
1227881,105867,47923,2080,709,66,0,0,66.000,146.82
1227881,188766,153770,1760,333,66,0,0,66.000,146.82
1232461,826876,690736,31321,291,66,0,0,66.000,451.91
1232461,1089063,250988,9977,292,66,0,0,66.000,451.91
1232461,811959,797596,4371,292,66,0,0,66.000,451.91
1232461,1075981,736436,14792,333,66,0,0,66.000,451.91
1232461,1137867,1053808,521,292,66,0,0,66.000,451.91
1232461,1027684,170298,11246,750,66,0,0,66.000,451.91
1232461,921779,684681,12071,709,66,0,0,66.000,451.91
1232461,1153287,960379,13651,291,66,0,0,66.000,451.91
1232461,1110655,595817,25469,292,66,0,0,66.000,451.91
1232461,1097232,70367,2349,333,66,0,0,66.000,451.91
1232461,499702,999448,5872,292,66,0,0,66.000,451.91
1232461,1107937,1172755,37134,292,66,0,0,66.000,451.91
1232461,584438,651668,5787,292,66,0,0,66.000,451.91
1232461,778478,688600,23525,292,66,0,0,66.000,451.91
1232461,640606,934714,9908,334,66,0,0,66.000,451.91
1232461,240004,854894,11229,333,66,0,0,66.000,451.91
1232461,408443,691466,7874,292,66,0,0,66.000,451.91
1232461,1131211,1106785,27481,291,66,0,0,66.000,451.91
1232461,766589,603023,19960,291,66,0,0,66.000,451.91
1232461,320900,80844,11928,291,66,0,0,66.000,451.91
1233301,1026242,773700,12183,292,66,0,0,66.000,515.08
1233301,719060,232341,43732,268,66,0,0,66.000,515.08
1233301,116316,510064,5037,709,66,0,0,66.000,515.08
1233301,892072,905621,2643,333,66,0,0,66.000,515.08
1233301,1140147,919291,1317,334,66,0,0,66.000,515.08
1233301,721260,92150,7368,708,66,0,0,66.000,515.08
1233301,971256,329629,9572,708,66,0,0,66.000,515.08
1233301,738770,1069471,11038,750,66,0,0,66.000,515.08
1233301,1188429,339406,6629,333,66,0,0,66.000,515.08
1233301,799322,651647,70371,292,66,0,0,66.000,515.08
1233301,253813,959350,4870,292,66,0,0,66.000,515.08
1233301,303114,1096423,8256,291,66,0,0,66.000,515.08
1233301,156657,1109944,8782,333,66,0,0,66.000,515.08
1233301,169588,76885,47155,292,66,0,0,66.000,515.08
1233301,802212,678663,10422,292,66,0,0,66.000,515.08
1233301,604398,1194159,19218,333,66,0,0,66.000,515.08
1233301,400767,213593,31155,292,66,0,0,66.000,515.08
1233301,976114,381637,2401,333,66,0,0,66.000,515.08
1233301,742076,792961,4517,291,66,0,0,66.000,515.08
1233301,576879,563373,14448,334,66,0,0,66.000,515.08
1233539,800166,820071,2455,333,66,0,0,66.000,195.85
1233539,139696,932029,960,292,66,0,0,66.000,195.85
1233539,13631,1082070,995,333,66,0,0,66.000,195.85
1233539,1216883,393376,15710,750,66,0,0,66.000,195.85
1233539,270787,61673,736,292,66,0,0,66.000,195.85
1233539,261887,566622,9533,292,66,0,0,66.000,195.85
1233539,438341,758060,7595,291,66,0,0,66.000,195.85
1233539,1107903,61201,6626,750,66,0,0,66.000,195.85
1233539,638747,1114882,7637,333,66,0,0,66.000,195.85
1233539,1148429,525462,6833,292,66,0,0,66.000,195.85
1233539,260030,325114,89,333,66,0,0,66.000,195.85
1233539,962448,156076,3058,333,66,0,0,66.000,195.85
1233539,461383,634562,1581,291,66,0,0,66.000,195.85
1233539,835723,808680,172,334,66,0,0,66.000,195.85
1233539,90371,355586,861,292,66,0,0,66.000,195.85
1233539,333330,1045715,31112,292,66,0,0,66.000,195.85
1233539,900815,55514,916,333,66,0,0,66.000,195.85
1233539,419653,632745,7228,333,66,0,0,66.000,195.85
1233539,201457,1104931,11835,709,66,0,0,66.000,195.85
1233539,455063,414457,8496,292,66,0,0,66.000,195.85
1234721,7153,183954,11710,292,66,0,0,66.000,658.07
1234721,410086,288311,8701,708,66,0,0,66.000,658.07
1234721,332936,763320,15504,333,66,0,0,66.000,658.07
1234721,385055,1152817,10590,291,66,0,0,66.000,658.07
1234721,666979,769627,42655,333,66,0,0,66.000,658.07
1234721,862163,1006382,57286,291,66,0,0,66.000,658.07
1234721,1181760,749466,23458,292,66,0,0,66.000,658.07
1234721,676369,519320,5590,292,66,0,0,66.000,658.07
1234721,215762,100570,20543,750,66,0,0,66.000,658.07
1234721,393131,643949,21279,333,66,0,0,66.000,658.07
1234721,848362,856297,66821,292,66,0,0,66.000,658.07
1234721,530047,993503,3032,292,66,0,0,66.000,658.07
1234721,1221045,266212,8129,291,66,0,0,66.000,658.07
1234721,990966,197967,6292,292,66,0,0,66.000,658.07
1234721,672369,25815,12587,292,66,0,0,66.000,658.07
1234721,278881,1180219,10152,333,66,0,0,66.000,658.07
1234721,261735,986275,7712,292,66,0,0,66.000,658.07
1234721,54237,442953,29275,291,66,0,0,66.000,658.07
1234721,1197233,151600,7114,291,66,0,0,66.000,658.07
1234721,1176865,163270,49043,292,66,0,0,66.000,658.07
1238893,56977,577829,9760,291,66,0,0,66.000,353.62
1238893,589368,386183,314,292,66,0,0,66.000,353.62
1238893,31970,392546,1667,709,66,0,0,66.000,353.62
1238893,416744,913200,9645,333,66,0,0,66.000,353.62
1238893,893806,88708,10752,334,66,0,0,66.000,353.62
1238893,1167906,593651,6825,333,66,0,0,66.000,353.62
1238893,260966,51228,23143,292,66,0,0,66.000,353.62
1238893,965519,855899,11703,333,66,0,0,66.000,353.62
1238893,949356,690105,1455,292,66,0,0,66.000,353.62
1238893,89628,13555,1891,334,66,0,0,66.000,353.62
1238893,651570,26179,10131,333,66,0,0,66.000,353.62
1238893,267045,246326,17938,333,66,0,0,66.000,353.62
1238893,1053222,166046,138,291,66,0,0,66.000,353.62
1238893,1053580,182641,15246,333,66,0,0,66.000,353.62
1238893,927413,748597,27157,292,66,0,0,66.000,353.62
1238893,802929,483442,18885,333,66,0,0,66.000,353.62
1238893,555703,906336,23267,292,66,0,0,66.000,353.62
1238893,139273,33567,25316,333,66,0,0,66.000,353.62
1238893,72512,82299,5713,334,66,0,0,66.000,353.62
1238893,488992,594377,3414,334,66,0,0,66.000,353.62
1240991,1016796,386352,10479,333,66,0,0,66.000,204.54
1240991,923927,1162542,1633,292,66,0,0,66.000,204.54
1240991,634032,746038,15897,291,66,0,0,66.000,204.54
1240991,376189,868876,8380,333,66,0,0,66.000,204.54
1240991,872093,149182,1641,292,66,0,0,66.000,204.54
1240991,3743,279869,4972,292,66,0,0,66.000,204.54
1240991,736163,1011324,2010,292,66,0,0,66.000,204.54
1240991,552636,208275,4309,292,66,0,0,66.000,204.54
1240991,314902,868332,1288,333,66,0,0,66.000,204.54
1240991,330976,445434,10712,291,66,0,0,66.000,204.54
1240991,543279,611363,5105,291,66,0,0,66.000,204.54
1240991,880500,890086,8123,334,66,0,0,66.000,204.54
1240991,656154,487062,10839,292,66,0,0,66.000,204.54
1240991,1208457,1168605,1463,333,66,0,0,66.000,204.54
1240991,1189634,400773,2439,333,66,0,0,66.000,204.54
1240991,370147,816409,2737,292,66,0,0,66.000,204.54
1240991,1173279,836778,4198,292,66,0,0,66.000,204.54
1240991,87669,605593,2595,334,66,0,0,66.000,204.54
1240991,224930,76590,16516,333,66,0,0,66.000,204.54
1240991,576301,982921,13905,292,66,0,0,66.000,204.54
1244083,993706,195897,1892,291,66,0,0,66.000,235.72
1244083,406059,1034916,12404,292,66,0,0,66.000,235.72
1244083,251283,262255,3128,333,66,0,0,66.000,235.72
1244083,832317,1120238,3719,333,66,0,0,66.000,235.72
1244083,163362,726144,1450,291,66,0,0,66.000,235.72
1244083,499437,109465,8099,292,66,0,0,66.000,235.72
1244083,25571,441564,15562,268,66,0,0,66.000,235.72
1244083,707116,76209,8224,292,66,0,0,66.000,235.72
1244083,624269,899469,3895,292,66,0,0,66.000,235.72
1244083,734965,410177,317,709,66,0,0,66.000,235.72
1244083,660719,410060,5176,334,66,0,0,66.000,235.72
1244083,1014581,278999,24267,333,66,0,0,66.000,235.72
1244083,48535,40496,1438,291,66,0,0,66.000,235.72
1244083,331692,542177,8600,292,66,0,0,66.000,235.72
1244083,559851,1234052,3298,334,66,0,0,66.000,235.72
1244083,1207700,1021658,20634,708,66,0,0,66.000,235.72
1244083,243436,602723,3857,292,66,0,0,66.000,235.72
1244083,332094,169668,1777,334,66,0,0,66.000,235.72
1244083,774893,944025,5580,292,66,0,0,66.000,235.72
1244083,285205,367339,15754,292,66,0,0,66.000,235.72
1244437,275019,1187288,12193,292,66,0,0,66.000,173.49
1244437,89402,390795,26276,292,66,0,0,66.000,173.49
1244437,446600,631207,4077,334,66,0,0,66.000,173.49
1244437,676177,308318,2347,291,66,0,0,66.000,173.49
1244437,799867,8014,205,333,66,0,0,66.000,173.49
1244437,479988,176438,1833,291,66,0,0,66.000,173.49
1244437,836900,4850,313,334,66,0,0,66.000,173.49
1244437,1240298,623921,4726,292,66,0,0,66.000,173.49
1244437,1135653,354347,7329,334,66,0,0,66.000,173.49
1244437,484078,554192,7691,292,66,0,0,66.000,173.49
1244437,1016570,228071,1794,292,66,0,0,66.000,173.49
1244437,846457,1214226,6748,333,66,0,0,66.000,173.49
1244437,1139900,966619,1772,310,66,0,0,66.000,173.49
1244437,50205,155350,430,292,66,0,0,66.000,173.49
1244437,1197040,131614,6517,334,66,0,0,66.000,173.49
1244437,465879,836122,7397,291,66,0,0,66.000,173.49
1244437,66560,193724,3443,334,66,0,0,66.000,173.49
1244437,436012,862653,12241,333,66,0,0,66.000,173.49
1244437,149100,1057489,2396,708,66,0,0,66.000,173.49
1244437,1005313,1025271,334,333,66,0,0,66.000,173.49
1244567,610374,943624,4114,334,66,0,0,66.000,326.18
1244567,830585,812879,6636,333,66,0,0,66.000,326.18
1244567,669366,1015669,9601,333,66,0,0,66.000,326.18
1244567,327674,1178464,1996,333,66,0,0,66.000,326.18
1244567,47866,459559,27778,292,66,0,0,66.000,326.18
1244567,115377,677564,15818,334,66,0,0,66.000,326.18
1244567,17420,1023833,617,708,66,0,0,66.000,326.18
1244567,1024862,1223809,24283,291,66,0,0,66.000,326.18
1244567,533986,300604,1544,292,66,0,0,66.000,326.18
1244567,347288,1151598,27021,292,66,0,0,66.000,326.18
1244567,903702,266382,5455,291,66,0,0,66.000,326.18
1244567,268368,918207,13710,333,66,0,0,66.000,326.18
1244567,386641,549541,9791,291,66,0,0,66.000,326.18
1244567,443882,1182189,9145,292,66,0,0,66.000,326.18
1244567,974987,146569,14089,333,66,0,0,66.000,326.18
1244567,180030,106330,12086,334,66,0,0,66.000,326.18
1244567,406684,799964,4451,292,66,0,0,66.000,326.18
1244567,538998,508464,5912,375,66,0,0,66.000,326.18
1244567,547120,57994,1263,333,66,0,0,66.000,326.18
1244567,746088,776794,9544,334,66,0,0,66.000,326.18
1247243,971083,555518,3442,333,66,0,0,66.000,361.69
1247243,602685,25799,5627,292,66,0,0,66.000,361.69
1247243,117128,747072,11101,416,66,0,0,66.000,361.69
1247243,516788,663936,30476,709,66,0,0,66.000,361.69
1247243,897881,790964,3315,292,66,0,0,66.000,361.69
1247243,457820,874990,476,333,66,0,0,66.000,361.69
1247243,209734,535016,6773,292,66,0,0,66.000,361.69
1247243,65474,940798,1665,268,66,0,0,66.000,361.69
1247243,608130,974738,4143,333,66,0,0,66.000,361.69
1247243,1105748,296069,3343,292,66,0,0,66.000,361.69
1247243,831703,375817,1572,292,66,0,0,66.000,361.69
1247243,179117,8150,23640,292,66,0,0,66.000,361.69
1247243,811266,973171,11214,291,66,0,0,66.000,361.69
1247243,1224902,601750,13864,292,66,0,0,66.000,361.69
1247243,1186301,240621,52772,292,66,0,0,66.000,361.69
1247243,76456,680850,37553,292,66,0,0,66.000,361.69
1247243,1212663,1172344,4159,292,66,0,0,66.000,361.69
1247243,204051,667168,4087,333,66,0,0,66.000,361.69
1247243,63255,1044380,3642,334,66,0,0,66.000,361.69
1247243,613688,927185,6475,292,66,0,0,66.000,361.69
1252079,1013069,818878,5112,291,66,0,0,66.000,153.42
1252079,99435,821177,3710,292,66,0,0,66.000,153.42
1252079,580305,651612,5639,292,66,0,0,66.000,153.42
1252079,201127,4741,1090,291,66,0,0,66.000,153.42
1252079,129937,607336,2344,333,66,0,0,66.000,153.42
1252079,765184,621842,459,750,66,0,0,66.000,153.42
1252079,448519,650365,7776,333,66,0,0,66.000,153.42
1252079,465815,264362,1709,291,66,0,0,66.000,153.42
1252079,744913,1163911,1557,750,66,0,0,66.000,153.42
1252079,272149,885604,791,292,66,0,0,66.000,153.42
1252079,884162,391425,4203,292,66,0,0,66.000,153.42
1252079,1073817,246969,9543,291,66,0,0,66.000,153.42
1252079,890973,340879,698,333,66,0,0,66.000,153.42
1252079,479241,48710,6680,333,66,0,0,66.000,153.42
1252079,932487,413003,8916,333,66,0,0,66.000,153.42
1252079,319362,156038,4660,292,66,0,0,66.000,153.42
1252079,1055611,1062427,1768,333,66,0,0,66.000,153.42
1252079,311090,369319,19901,333,66,0,0,66.000,153.42
1252079,84060,1236664,4428,292,66,0,0,66.000,153.42
1252079,978706,1084963,6413,292,66,0,0,66.000,153.42
1252267,159583,1194871,2011,292,66,0,0,66.000,112.27
1252267,674952,708071,5702,291,66,0,0,66.000,112.27
1252267,6811,448884,3929,333,66,0,0,66.000,112.27
1252267,711734,960737,305,334,66,0,0,66.000,112.27
1252267,21646,272430,408,292,66,0,0,66.000,112.27
1252267,1040057,1034068,1104,292,66,0,0,66.000,112.27
1252267,361774,472947,761,291,66,0,0,66.000,112.27
1252267,932727,1236733,5236,334,66,0,0,66.000,112.27
1252267,379715,1041610,2316,334,66,0,0,66.000,112.27
1252267,1173250,373394,7632,333,66,0,0,66.000,112.27
1252267,621252,92429,3044,292,66,0,0,66.000,112.27
1252267,822838,519317,1791,333,66,0,0,66.000,112.27
1252267,964122,306996,425,333,66,0,0,66.000,112.27
1252267,1000417,1044979,2,292,66,0,0,66.000,112.27
1252267,1240180,1039351,743,291,66,0,0,66.000,112.27
1252267,41392,63008,803,333,66,0,0,66.000,112.27
1252267,795186,821175,10434,333,66,0,0,66.000,112.27
1252267,722910,637028,13620,292,66,0,0,66.000,112.27
1252267,386741,707427,6092,291,66,0,0,66.000,112.27
1252267,953201,393887,4506,292,66,0,0,66.000,112.27
1252819,736620,187967,10898,292,66,0,0,66.000,157.68
1252819,1105937,795971,13552,292,66,0,0,66.000,157.68
1252819,25621,30290,3393,333,66,0,0,66.000,157.68
1252819,799480,140278,3555,708,66,0,0,66.000,157.68
1252819,622459,877919,13521,292,66,0,0,66.000,157.68
1252819,1015701,421674,2127,709,66,0,0,66.000,157.68
1252819,566887,1196215,1157,333,66,0,0,66.000,157.68
1252819,325087,678651,9739,291,66,0,0,66.000,157.68
1252819,1023786,52019,1206,333,66,0,0,66.000,157.68
1252819,1013459,103471,4646,333,66,0,0,66.000,157.68
1252819,960914,862642,1812,292,66,0,0,66.000,157.68
1252819,666836,964386,1553,709,66,0,0,66.000,157.68
1252819,999742,383483,2346,708,66,0,0,66.000,157.68
1252819,456397,887447,1874,333,66,0,0,66.000,157.68
1252819,473592,1159056,8167,292,66,0,0,66.000,157.68
1252819,396323,94820,3122,333,66,0,0,66.000,157.68
1252819,886355,783079,746,292,66,0,0,66.000,157.68
1252819,856496,343366,2197,333,66,0,0,66.000,157.68
1252819,907888,330429,7338,291,66,0,0,66.000,157.68
1252819,179485,128478,7116,333,66,0,0,66.000,157.68
1253479,905182,316241,10835,333,66,0,0,66.000,170.38
1253479,91597,471703,11836,291,66,0,0,66.000,170.38
1253479,192250,76019,5155,291,66,0,0,66.000,170.38
1253479,874949,323399,369,292,66,0,0,66.000,170.38
1253479,143993,1103380,3260,334,66,0,0,66.000,170.38
1253479,1101294,653168,1791,291,66,0,0,66.000,170.38
1253479,908878,610005,415,292,66,0,0,66.000,170.38
1253479,981274,574218,2363,333,66,0,0,66.000,170.38
1253479,799147,1102309,11340,292,66,0,0,66.000,170.38
1253479,796368,1151885,1930,292,66,0,0,66.000,170.38
1253479,300374,936434,10054,291,66,0,0,66.000,170.38
1253479,6122,1025015,8686,291,66,0,0,66.000,170.38
1253479,812211,1196174,4138,334,66,0,0,66.000,170.38
1253479,284349,599308,4435,292,66,0,0,66.000,170.38
1253479,435661,108686,1369,291,66,0,0,66.000,170.38
1253479,541172,823917,3858,333,66,0,0,66.000,170.38
1253479,822318,1041162,10237,708,66,0,0,66.000,170.38
1253479,625629,729914,1,291,66,0,0,66.000,170.38
1253479,1061855,1242774,14840,333,66,0,0,66.000,170.38
1253479,826840,44308,797,333,66,0,0,66.000,170.38
1253701,9593,823621,17674,292,66,0,0,66.000,270.63
1253701,840800,1099899,20168,292,66,0,0,66.000,270.63
1253701,648776,1060415,11409,333,66,0,0,66.000,270.63
1253701,1039194,640465,4044,292,66,0,0,66.000,270.63
1253701,694670,1053536,2039,333,66,0,0,66.000,270.63
1253701,867503,1070194,1291,750,66,0,0,66.000,270.63
1253701,102122,352779,158,334,66,0,0,66.000,270.63
1253701,1000796,668481,18737,292,66,0,0,66.000,270.63
1253701,949299,177934,307,333,66,0,0,66.000,270.63
1253701,287558,525365,4414,292,66,0,0,66.000,270.63
1253701,310745,1164763,12134,291,66,0,0,66.000,270.63
1253701,905493,1048009,18210,333,66,0,0,66.000,270.63
1253701,1107104,290733,1173,333,66,0,0,66.000,270.63
1253701,1168863,1104825,5260,333,66,0,0,66.000,270.63
1253701,16848,28859,21407,333,66,0,0,66.000,270.63
1253701,817193,496489,9766,291,66,0,0,66.000,270.63
1253701,1116829,275772,4263,333,66,0,0,66.000,270.63
1253701,258590,545653,10384,334,66,0,0,66.000,270.63
1253701,1212694,1218469,4507,291,66,0,0,66.000,270.63
1253701,1020602,544236,4025,292,66,0,0,66.000,270.63
1254131,505702,1049832,575,333,66,0,0,66.000,237.71
1254131,1213101,87119,2176,333,66,0,0,66.000,237.71
1254131,523002,224253,88,333,66,0,0,66.000,237.71
1254131,594496,1095976,10249,291,66,0,0,66.000,237.71
1254131,214042,96858,6041,292,66,0,0,66.000,237.71
1254131,231437,846052,1908,292,66,0,0,66.000,237.71
1254131,1211904,758016,10100,291,66,0,0,66.000,237.71
1254131,5269,468770,1180,333,66,0,0,66.000,237.71
1254131,739126,747195,3614,333,66,0,0,66.000,237.71
1254131,661838,487234,14447,333,66,0,0,66.000,237.71
1254131,633600,400184,289,334,66,0,0,66.000,237.71
1254131,1204578,679170,12921,292,66,0,0,66.000,237.71
1254131,328457,287864,1620,334,66,0,0,66.000,237.71
1254131,1223721,969043,13030,292,66,0,0,66.000,237.71
1254131,599159,97836,9649,333,66,0,0,66.000,237.71
1254131,310904,69494,8644,333,66,0,0,66.000,237.71
1254131,815335,715482,1062,291,66,0,0,66.000,237.71
1254131,1111524,1198401,20369,333,66,0,0,66.000,237.71
1254131,935341,269641,4811,333,66,0,0,66.000,237.71
1254131,301239,625508,27684,292,66,0,0,66.000,237.71
1254793,750966,700974,9583,334,66,0,0,66.000,326.05
1254793,1112872,200271,47,292,66,0,0,66.000,326.05
1254793,217305,128370,9355,292,66,0,0,66.000,326.05
1254793,819506,1242407,2835,334,66,0,0,66.000,326.05
1254793,22611,42092,21054,334,66,0,0,66.000,326.05
1254793,728043,1469,7139,292,66,0,0,66.000,326.05
1254793,619571,836245,2759,708,66,0,0,66.000,326.05
1254793,1013344,1214099,11960,292,66,0,0,66.000,326.05
1254793,416065,872974,25769,291,66,0,0,66.000,326.05
1254793,506947,251047,4015,333,66,0,0,66.000,326.05
1254793,23987,313017,5013,333,66,0,0,66.000,326.05
1254793,343456,352768,3626,292,66,0,0,66.000,326.05
1254793,643126,366722,20501,292,66,0,0,66.000,326.05
1254793,114493,930101,11105,291,66,0,0,66.000,326.05
1254793,1220796,626676,4624,708,66,0,0,66.000,326.05
1254793,643126,355162,8047,292,66,0,0,66.000,326.05
1254793,402670,1047426,33287,352,66,0,0,66.000,326.05
1254793,615705,816565,23384,292,66,0,0,66.000,326.05
1254793,1066093,102563,2566,292,66,0,0,66.000,326.05
1254793,1190371,336079,195,291,66,0,0,66.000,326.05
1255063,956173,185846,3900,333,66,0,0,66.000,236.74
1255063,540656,42648,27540,375,66,0,0,66.000,236.74
1255063,924514,208465,3209,292,66,0,0,66.000,236.74
1255063,1028638,804277,1704,292,66,0,0,66.000,236.74
1255063,738914,742300,9196,291,66,0,0,66.000,236.74
1255063,330668,1177557,7125,292,66,0,0,66.000,236.74
1255063,1236300,192832,16838,291,66,0,0,66.000,236.74
1255063,1108926,905410,225,292,66,0,0,66.000,236.74
1255063,133591,298470,1194,292,66,0,0,66.000,236.74
1255063,751005,2382,9135,334,66,0,0,66.000,236.74
1255063,1101826,832053,9509,292,66,0,0,66.000,236.74
1255063,277259,57202,281,291,66,0,0,66.000,236.74
1255063,746406,1110931,4956,291,66,0,0,66.000,236.74
1255063,611747,681054,2708,333,66,0,0,66.000,236.74
1255063,904696,468258,4481,333,66,0,0,66.000,236.74
1255063,957275,355151,1596,292,66,0,0,66.000,236.74
1255063,1151098,740689,12496,291,66,0,0,66.000,236.74
1255063,568744,439595,13452,292,66,0,0,66.000,236.74
1255063,474382,337357,8290,333,66,0,0,66.000,236.74
1255063,365069,217799,12230,333,66,0,0,66.000,236.74
1257071,1232542,549487,10497,333,66,0,0,66.000,377.34
1257071,690684,62073,1007,291,66,0,0,66.000,377.34
1257071,857962,64341,29853,750,66,0,0,66.000,377.34
1257071,367871,406,13379,291,66,0,0,66.000,377.34
1257071,355017,35071,3211,291,66,0,0,66.000,377.34
1257071,242512,1119463,25964,292,66,0,0,66.000,377.34
1257071,253288,270528,1500,333,66,0,0,66.000,377.34
1257071,738097,68210,13010,333,66,0,0,66.000,377.34
1257071,919420,411744,7832,292,66,0,0,66.000,377.34
1257071,1161914,592705,12961,292,66,0,0,66.000,377.34
1257071,63011,992432,2590,334,66,0,0,66.000,377.34
1257071,919061,236434,10061,291,66,0,0,66.000,377.34
1257071,303844,867577,634,333,66,0,0,66.000,377.34
1257071,897187,413635,25978,292,66,0,0,66.000,377.34
1257071,139496,222762,13108,708,66,0,0,66.000,377.34
1257071,758759,261488,17738,708,66,0,0,66.000,377.34
1257071,428174,190496,12506,292,66,0,0,66.000,377.34
1257071,614586,865002,11777,333,66,0,0,66.000,377.34
1257071,619364,517963,2730,292,66,0,0,66.000,377.34
1257071,1241261,436260,22780,333,66,0,0,66.000,377.34
1261763,68089,418792,1494,291,66,0,0,66.000,147.85
1261763,982444,1241896,11115,292,66,0,0,66.000,147.85
1261763,1164842,1038344,341,333,66,0,0,66.000,147.85
1261763,1238156,515003,17287,292,66,0,0,66.000,147.85
1261763,184807,746811,5254,292,66,0,0,66.000,147.85
1261763,25920,984744,4290,334,66,0,0,66.000,147.85
1261763,835741,737243,1096,333,66,0,0,66.000,147.85
1261763,430963,257869,8104,709,66,0,0,66.000,147.85
1261763,377924,439057,1743,333,66,0,0,66.000,147.85
1261763,97814,726416,1586,333,66,0,0,66.000,147.85
1261763,911811,524872,2232,292,66,0,0,66.000,147.85
1261763,30277,658069,35,708,66,0,0,66.000,147.85
1261763,20921,142808,4306,334,66,0,0,66.000,147.85
1261763,366325,745740,11803,291,66,0,0,66.000,147.85
1261763,351411,139849,7922,292,66,0,0,66.000,147.85
1261763,1243693,140761,676,291,66,0,0,66.000,147.85
1261763,974064,815661,4547,292,66,0,0,66.000,147.85
1261763,982444,643553,1113,291,66,0,0,66.000,147.85
1261763,1001963,1061861,6,333,66,0,0,66.000,147.85
1261763,428156,179889,8881,333,66,0,0,66.000,147.85
1262713,335931,1012600,872,333,66,0,0,66.000,160.35
1262713,602926,339449,4128,292,66,0,0,66.000,160.35
1262713,480986,1179458,25128,334,66,0,0,66.000,160.35
1262713,20489,650582,181,292,66,0,0,66.000,160.35
1262713,410498,1149787,40,333,66,0,0,66.000,160.35
1262713,731680,552023,6328,292,66,0,0,66.000,160.35
1262713,149652,667309,6152,334,66,0,0,66.000,160.35
1262713,228789,514249,10341,750,66,0,0,66.000,160.35
1262713,890007,129056,3910,292,66,0,0,66.000,160.35
1262713,15335,811475,2205,291,66,0,0,66.000,160.35
1262713,374731,213076,2486,292,66,0,0,66.000,160.35
1262713,1027484,518460,5658,333,66,0,0,66.000,160.35
1262713,732548,909907,1635,292,66,0,0,66.000,160.35
1262713,603954,466151,3763,291,66,0,0,66.000,160.35
1262713,595674,1125233,339,334,66,0,0,66.000,160.35
1262713,587579,1261272,7046,333,66,0,0,66.000,160.35
1262713,1007307,514911,7477,334,66,0,0,66.000,160.35
1262713,170483,170884,3630,334,66,0,0,66.000,160.35
1262713,1074501,231261,3930,292,66,0,0,66.000,160.35
1262713,749295,705438,626,333,66,0,0,66.000,160.35
1268357,1105839,527618,3635,292,66,0,0,66.000,192.34
1268357,425156,122321,2798,291,66,0,0,66.000,192.34
1268357,479498,153956,8575,292,66,0,0,66.000,192.34
1268357,909306,1118018,4721,334,66,0,0,66.000,192.34
1268357,460551,657063,395,333,66,0,0,66.000,192.34
1268357,85013,248664,13502,292,66,0,0,66.000,192.34
1268357,460424,1034850,522,292,66,0,0,66.000,192.34
1268357,826015,1052712,4239,750,66,0,0,66.000,192.34
1268357,267145,588918,11495,334,66,0,0,66.000,192.34
1268357,652920,752508,7807,292,66,0,0,66.000,192.34
1268357,846500,287730,2729,291,66,0,0,66.000,192.34
1268357,800054,216395,6227,291,66,0,0,66.000,192.34
1268357,188609,632457,891,333,66,0,0,66.000,192.34
1268357,461376,112823,15774,708,66,0,0,66.000,192.34
1268357,969591,1031547,4238,333,66,0,0,66.000,192.34
1268357,876943,12979,12570,292,66,0,0,66.000,192.34
1268357,1151643,792592,4163,333,66,0,0,66.000,192.34
1268357,395002,742065,13120,292,66,0,0,66.000,192.34
1268357,602290,817108,1597,334,66,0,0,66.000,192.34
1268357,1031741,139563,3286,291,66,0,0,66.000,192.34
1270433,177870,1008108,1855,291,66,0,0,66.000,253.32
1270433,557292,1012406,8207,292,66,0,0,66.000,253.32
1270433,325954,679648,15017,334,66,0,0,66.000,253.32
1270433,365150,1065993,682,334,66,0,0,66.000,253.32
1270433,848393,337252,3857,333,66,0,0,66.000,253.32
1270433,172491,471368,11957,750,66,0,0,66.000,253.32
1270433,742052,131480,6181,333,66,0,0,66.000,253.32
1270433,1122603,176606,937,291,66,0,0,66.000,253.32
1270433,745003,951290,8811,291,66,0,0,66.000,253.32
1270433,384746,124,7644,291,66,0,0,66.000,253.32
1270433,1052882,1095623,667,333,66,0,0,66.000,253.32
1270433,823040,42369,2474,333,66,0,0,66.000,253.32
1270433,119345,208796,7492,292,66,0,0,66.000,253.32
1270433,660953,605118,5320,334,66,0,0,66.000,253.32
1270433,14393,1194142,1008,334,66,0,0,66.000,253.32
1270433,360707,1217925,27807,333,66,0,0,66.000,253.32
1270433,1122384,770767,10270,834,66,0,0,66.000,253.32
1270433,466984,889965,12646,292,66,0,0,66.000,253.32
1270433,900103,413179,13877,292,66,0,0,66.000,253.32
1270433,229289,663938,13829,333,66,0,0,66.000,253.32
1272283,1147903,785758,12022,291,66,0,0,66.000,279.16
1272283,397693,320328,3542,333,66,0,0,66.000,279.16
1272283,1242424,815693,50,292,66,0,0,66.000,279.16
1272283,145730,969124,38246,292,66,0,0,66.000,279.16
1272283,403828,571070,3841,333,66,0,0,66.000,279.16
1272283,669707,372080,3065,291,66,0,0,66.000,279.16
1272283,1216671,843880,12224,333,66,0,0,66.000,279.16
1272283,1164050,591897,2791,292,66,0,0,66.000,279.16
1272283,693771,351821,22167,750,66,0,0,66.000,279.16
1272283,1267211,259267,6961,292,66,0,0,66.000,279.16
1272283,1103261,1051605,3837,333,66,0,0,66.000,279.16
1272283,802672,203757,10179,334,66,0,0,66.000,279.16
1272283,456174,226078,6563,292,66,0,0,66.000,279.16
1272283,1220965,374674,19508,333,66,0,0,66.000,279.16
1272283,789052,779948,2523,291,66,0,0,66.000,279.16
1272283,578396,763790,10392,333,66,0,0,66.000,279.16
1272283,130191,1050286,6929,333,66,0,0,66.000,279.16
1272283,1063806,818584,1114,750,66,0,0,66.000,279.16
1272283,1090442,1218751,9631,334,66,0,0,66.000,279.16
1272283,1059960,17263,1122,292,66,0,0,66.000,279.16
1273099,542774,465229,10259,291,66,0,0,66.000,319.53
1273099,784579,314119,18889,333,66,0,0,66.000,319.53
1273099,908716,1133430,15590,333,66,0,0,66.000,319.53
1273099,33830,495604,2681,333,66,0,0,66.000,319.53
1273099,891689,239285,315,333,66,0,0,66.000,319.53
1273099,764025,714881,12832,292,66,0,0,66.000,319.53
1273099,417738,530224,11729,333,66,0,0,66.000,319.53
1273099,20472,1220863,2210,292,66,0,0,66.000,319.53
1273099,675943,927209,26763,333,66,0,0,66.000,319.53
1273099,244763,1082645,370,334,66,0,0,66.000,319.53
1273099,1264520,1031402,2689,292,66,0,0,66.000,319.53
1273099,451367,749964,16277,291,66,0,0,66.000,319.53
1273099,1047779,781154,8295,750,66,0,0,66.000,319.53
1273099,108947,1059767,7078,333,66,0,0,66.000,319.53
1273099,682843,791159,2813,292,66,0,0,66.000,319.53
1273099,942865,206945,32296,292,66,0,0,66.000,319.53
1273099,1049126,1095482,6424,334,66,0,0,66.000,319.53
1273099,1271038,1180080,10408,333,66,0,0,66.000,319.53
1273099,1111644,182597,10450,292,66,0,0,66.000,319.53
1273099,496483,317067,4128,292,66,0,0,66.000,319.53
1275893,24060,554859,14913,333,66,0,0,66.000,152.81
1275893,571441,209310,29,333,66,0,0,66.000,152.81
1275893,915945,1035331,8378,292,66,0,0,66.000,152.81
1275893,1197281,150170,1444,292,66,0,0,66.000,152.81
1275893,1175005,1147464,109,333,66,0,0,66.000,152.81
1275893,1016468,666085,1846,268,66,0,0,66.000,152.81
1275893,381392,454561,5325,708,66,0,0,66.000,152.81
1275893,994952,1128254,1696,292,66,0,0,66.000,152.81
1275893,1080234,126229,2784,333,66,0,0,66.000,152.81
1275893,1259110,953549,9048,292,66,0,0,66.000,152.81
1275893,567242,340019,2989,333,66,0,0,66.000,152.81
1275893,539707,396215,5167,333,66,0,0,66.000,152.81
1275893,472374,508473,5151,292,66,0,0,66.000,152.81
1275893,325225,323195,9661,292,66,0,0,66.000,152.81
1275893,1128786,222079,111,333,66,0,0,66.000,152.81
1275893,1066695,1269832,3696,333,66,0,0,66.000,152.81
1275893,664509,235807,13495,333,66,0,0,66.000,152.81
1275893,360909,967557,5073,292,66,0,0,66.000,152.81
1275893,1178776,1178391,1145,333,66,0,0,66.000,152.81
1275893,100965,1106155,4855,291,66,0,0,66.000,152.81
1276169,568525,1216356,1140,334,66,0,0,66.000,261.20
1276169,861296,1138035,2803,292,66,0,0,66.000,261.20
1276169,85021,367000,1180,333,66,0,0,66.000,261.20
1276169,651482,306802,3247,333,66,0,0,66.000,261.20
1276169,862193,484976,17465,291,66,0,0,66.000,261.20
1276169,1218042,1107911,2528,333,66,0,0,66.000,261.20
1276169,547806,103703,12383,292,66,0,0,66.000,261.20
1276169,926033,520211,12816,333,66,0,0,66.000,261.20
1276169,9909,1164757,3044,292,66,0,0,66.000,261.20
1276169,982764,803286,4623,334,66,0,0,66.000,261.20
1276169,527816,1169803,37628,333,66,0,0,66.000,261.20
1276169,454248,979587,3856,708,66,0,0,66.000,261.20
1276169,632548,371737,3277,291,66,0,0,66.000,261.20
1276169,671243,943715,3643,292,66,0,0,66.000,261.20
1276169,1130168,53186,536,333,66,0,0,66.000,261.20
1276169,1210540,39565,25191,292,66,0,0,66.000,261.20
1276169,683275,433492,8096,334,66,0,0,66.000,261.20
1276169,731694,334252,2277,291,66,0,0,66.000,261.20
1276169,1120838,1147231,2570,292,66,0,0,66.000,261.20
1276169,1054549,943592,17046,333,66,0,0,66.000,261.20
1277993,436081,187216,2055,291,66,0,0,66.000,78.85
1277993,676566,555652,4482,333,66,0,0,66.000,78.85
1277993,296500,59258,911,292,66,0,0,66.000,78.85
1277993,995110,440556,4393,292,66,0,0,66.000,78.85
1277993,81246,1138858,597,333,66,0,0,66.000,78.85
1277993,735959,1076905,2152,292,66,0,0,66.000,78.85
1277993,115007,435252,4769,309,66,0,0,66.000,78.85
1277993,235308,1084716,4395,291,66,0,0,66.000,78.85
1277993,716407,901220,3375,334,66,0,0,66.000,78.85
1277993,1271892,186464,20,750,66,0,0,66.000,78.85
1277993,910086,101511,2183,334,66,0,0,66.000,78.85
1277993,655349,580226,2763,334,66,0,0,66.000,78.85
1277993,790642,1196440,5746,334,66,0,0,66.000,78.85
1277993,775314,877110,150,333,66,0,0,66.000,78.85
1277993,488506,41984,2826,292,66,0,0,66.000,78.85
1277993,906536,1041612,175,750,66,0,0,66.000,78.85
1277993,869036,408143,2234,291,66,0,0,66.000,78.85
1277993,650870,572675,1679,292,66,0,0,66.000,78.85
1277993,649207,117443,4294,333,66,0,0,66.000,78.85
1277993,550364,515031,723,291,66,0,0,66.000,78.85
1278899,78730,118110,13062,333,66,0,0,66.000,229.89
1278899,993599,1245502,11500,292,66,0,0,66.000,229.89
1278899,462284,50354,3057,708,66,0,0,66.000,229.89
1278899,1161776,146434,8093,292,66,0,0,66.000,229.89
1278899,518308,1206233,6423,292,66,0,0,66.000,229.89
1278899,574213,870863,9114,350,66,0,0,66.000,229.89
1278899,70571,1167655,7478,292,66,0,0,66.000,229.89
1278899,746915,821662,10426,333,66,0,0,66.000,229.89
1278899,524334,778061,7063,292,66,0,0,66.000,229.89
1278899,1274030,610275,4864,708,66,0,0,66.000,229.89
1278899,914378,31658,296,333,66,0,0,66.000,229.89
1278899,730025,25460,656,334,66,0,0,66.000,229.89
1278899,610174,597732,1463,333,66,0,0,66.000,229.89
1278899,120523,1183393,3445,334,66,0,0,66.000,229.89
1278899,610071,314606,7748,333,66,0,0,66.000,229.89
1278899,251072,726325,471,292,66,0,0,66.000,229.89
1278899,1225345,1257452,9747,292,66,0,0,66.000,229.89
1278899,1221454,863141,11079,708,66,0,0,66.000,229.89
1278899,213322,45513,9654,334,66,0,0,66.000,229.89
1278899,307912,540318,19779,333,66,0,0,66.000,229.89
1279921,664304,237797,2665,292,66,0,0,66.000,118.42
1279921,946331,104693,5270,334,66,0,0,66.000,118.42
1279921,596414,282098,3396,291,66,0,0,66.000,118.42
1279921,577911,712160,4599,333,66,0,0,66.000,118.42
1279921,426139,27131,3415,291,66,0,0,66.000,118.42
1279921,688110,1193518,565,333,66,0,0,66.000,118.42
1279921,1087540,1055343,4559,750,66,0,0,66.000,118.42
1279921,934980,1138500,14963,334,66,0,0,66.000,118.42
1279921,258823,604654,1114,333,66,0,0,66.000,118.42
1279921,798436,732818,6658,334,66,0,0,66.000,118.42
1279921,585231,831282,9533,292,66,0,0,66.000,118.42
1279921,228715,87,4381,292,66,0,0,66.000,118.42
1279921,1210985,574095,5312,333,66,0,0,66.000,118.42
1279921,306341,1071366,2288,292,66,0,0,66.000,118.42
1279921,361218,484226,1100,334,66,0,0,66.000,118.42
1279921,913707,71982,1092,333,66,0,0,66.000,118.42
1279921,301805,410847,1157,334,66,0,0,66.000,118.42
1279921,61697,27462,975,334,66,0,0,66.000,118.42
1279921,878497,606794,1230,333,66,0,0,66.000,118.42
1279921,89784,373201,825,292,66,0,0,66.000,118.42
1280159,39917,1001793,2692,292,66,0,0,66.000,448.48
1280159,1261180,548208,13776,291,66,0,0,66.000,448.48
1280159,475870,333841,45346,292,66,0,0,66.000,448.48
1280159,205565,784851,32184,333,66,0,0,66.000,448.48
1280159,789211,408230,23414,351,66,0,0,66.000,448.48
1280159,1208372,550248,19612,333,66,0,0,66.000,448.48
1280159,1195408,391083,2385,292,66,0,0,66.000,448.48
1280159,868349,249169,572,333,66,0,0,66.000,448.48
1280159,341608,1078357,9809,292,66,0,0,66.000,448.48
1280159,1206326,899999,11259,291,66,0,0,66.000,448.48
1280159,784618,1276381,11899,292,66,0,0,66.000,448.48
1280159,1036155,198382,441,333,66,0,0,66.000,448.48
1280159,979537,87393,1821,291,66,0,0,66.000,448.48
1280159,822203,730537,6300,310,66,0,0,66.000,448.48
1280159,978645,1244390,28424,334,66,0,0,66.000,448.48
1280159,628605,223413,22250,292,66,0,0,66.000,448.48
1280159,1210508,830221,8130,333,66,0,0,66.000,448.48
1280159,502892,528289,1473,292,66,0,0,66.000,448.48
1280159,268049,771684,24341,292,66,0,0,66.000,448.48
1280159,681588,1249747,17818,333,66,0,0,66.000,448.48
1280519,34972,221593,3856,333,66,0,0,66.000,753.51
1280519,616883,551593,1976,334,66,0,0,66.000,753.51
1280519,931381,1256587,31374,292,66,0,0,66.000,753.51
1280519,1245284,308316,35631,292,66,0,0,66.000,753.51
1280519,972315,223305,185004,333,66,0,0,66.000,753.51
1280519,440698,1225351,11953,292,66,0,0,66.000,753.51
1280519,769361,719813,7663,291,66,0,0,66.000,753.51
1280519,733607,167651,22867,334,66,0,0,66.000,753.51
1280519,74265,892559,6616,333,66,0,0,66.000,753.51
1280519,798326,752098,13541,333,66,0,0,66.000,753.51
1280519,1083077,33692,25831,333,66,0,0,66.000,753.51
1280519,1011509,528736,14947,333,66,0,0,66.000,753.51
1280519,418756,59161,3883,333,66,0,0,66.000,753.51
1280519,381633,78577,19067,292,66,0,0,66.000,753.51
1280519,1102756,561039,3939,292,66,0,0,66.000,753.51
1280519,346472,171116,38530,292,66,0,0,66.000,753.51
1280519,136413,103269,13729,291,66,0,0,66.000,753.51
1280519,57487,824738,11557,292,66,0,0,66.000,753.51
1280519,326141,78324,3965,292,66,0,0,66.000,753.51
1280519,776595,361165,21907,708,66,0,0,66.000,753.51
1282213,925019,162667,32119,292,66,0,0,66.000,434.47
1282213,1233308,1125062,2890,333,66,0,0,66.000,434.47
1282213,1032866,789571,47062,333,66,0,0,66.000,434.47
1282213,434134,864009,11607,334,66,0,0,66.000,434.47
1282213,860034,153283,2199,334,66,0,0,66.000,434.47
1282213,369661,88495,19643,292,66,0,0,66.000,434.47
1282213,797927,1034534,9313,334,66,0,0,66.000,434.47
1282213,394859,843884,2575,291,66,0,0,66.000,434.47
1282213,660010,551771,16500,333,66,0,0,66.000,434.47
1282213,104421,1040889,6049,292,66,0,0,66.000,434.47
1282213,1109036,347686,3206,333,66,0,0,66.000,434.47
1282213,107461,1105876,43986,291,66,0,0,66.000,434.47
1282213,681989,1182050,20109,333,66,0,0,66.000,434.47
1282213,156619,175128,1082,708,66,0,0,66.000,434.47
1282213,135792,350741,5675,291,66,0,0,66.000,434.47
1282213,230727,976323,533,292,66,0,0,66.000,434.47
1282213,190317,1090481,8940,333,66,0,0,66.000,434.47
1282213,521105,118876,2105,292,66,0,0,66.000,434.47
1282213,242407,480009,38908,709,66,0,0,66.000,434.47
1282213,209123,207237,1011,292,66,0,0,66.000,434.47
1284917,941464,157064,9286,708,66,0,0,66.000,344.21
1284917,1056169,680789,6953,291,66,0,0,66.000,344.21
1284917,214693,333135,46618,292,66,0,0,66.000,344.21
1284917,264218,630629,12125,333,66,0,0,66.000,344.21
1284917,285873,927871,2387,333,66,0,0,66.000,344.21
1284917,251603,929770,3351,292,66,0,0,66.000,344.21
1284917,1109509,50840,3529,292,66,0,0,66.000,344.21
1284917,170512,895062,4159,333,66,0,0,66.000,344.21
1284917,448359,344515,23957,333,66,0,0,66.000,344.21
1284917,183244,22513,7412,292,66,0,0,66.000,344.21
1284917,1049044,692144,9092,292,66,0,0,66.000,344.21
1284917,993080,1210362,32684,333,66,0,0,66.000,344.21
1284917,199876,724753,1308,292,66,0,0,66.000,344.21
1284917,594429,972437,20023,334,66,0,0,66.000,344.21
1284917,904060,1044603,5680,352,66,0,0,66.000,344.21
1284917,739457,948580,5918,291,66,0,0,66.000,344.21
1284917,186585,411680,3356,333,66,0,0,66.000,344.21
1284917,451733,619556,119,333,66,0,0,66.000,344.21
1284917,770410,638129,3374,292,66,0,0,66.000,344.21
1284917,153195,704655,16519,333,66,0,0,66.000,344.21
1285877,259364,256413,912,310,66,0,0,66.000,273.04
1285877,821775,144353,11393,333,66,0,0,66.000,273.04
1285877,545343,742543,1479,291,66,0,0,66.000,273.04
1285877,947406,131382,5253,291,66,0,0,66.000,273.04
1285877,723650,323626,4453,709,66,0,0,66.000,273.04
1285877,35396,769284,6083,291,66,0,0,66.000,273.04
1285877,1092669,424087,5203,833,66,0,0,66.000,273.04
1285877,695829,661616,13656,708,66,0,0,66.000,273.04
1285877,343765,272621,84,333,66,0,0,66.000,273.04
1285877,1211076,261606,3326,333,66,0,0,66.000,273.04
1285877,497758,540098,4771,333,66,0,0,66.000,273.04
1285877,198147,140018,10204,333,66,0,0,66.000,273.04
1285877,471080,562507,8798,292,66,0,0,66.000,273.04
1285877,1173978,371622,2082,333,66,0,0,66.000,273.04
1285877,126709,767748,28985,291,66,0,0,66.000,273.04
1285877,455337,123621,18338,292,66,0,0,66.000,273.04
1285877,736282,833322,5939,292,66,0,0,66.000,273.04
1285877,1226257,474881,23191,291,66,0,0,66.000,273.04
1285877,1104459,1239805,2125,292,66,0,0,66.000,273.04
1285877,575096,901238,16570,292,66,0,0,66.000,273.04
1285943,1194699,1172823,7083,292,66,0,0,66.000,481.83
1285943,492622,59518,5539,333,66,0,0,66.000,481.83
1285943,83001,237500,20513,292,66,0,0,66.000,481.83
1285943,150536,836185,11591,292,66,0,0,66.000,481.83
1285943,682939,340089,38631,709,66,0,0,66.000,481.83
1285943,104121,431732,19430,291,66,0,0,66.000,481.83
1285943,27820,991756,1965,292,66,0,0,66.000,481.83
1285943,1065802,373566,78095,292,66,0,0,66.000,481.83
1285943,342377,236804,12042,292,66,0,0,66.000,481.83
1285943,1089108,111358,3123,333,66,0,0,66.000,481.83
1285943,1097567,278894,13868,292,66,0,0,66.000,481.83
1285943,782533,825075,9629,333,66,0,0,66.000,481.83
1285943,201120,538858,22088,333,66,0,0,66.000,481.83
1285943,32325,365324,14679,291,66,0,0,66.000,481.83
1285943,451448,3897,12590,291,66,0,0,66.000,481.83
1285943,891668,379815,7873,708,66,0,0,66.000,481.83
1285943,58500,893039,3489,333,66,0,0,66.000,481.83
1285943,438993,566356,6639,333,66,0,0,66.000,481.83
1285943,693630,939239,1112,292,66,0,0,66.000,481.83
1285943,317518,110131,15619,292,66,0,0,66.000,481.83
1286099,380095,447109,2898,292,66,0,0,66.000,551.00
1286099,196763,1281123,10928,292,66,0,0,66.000,551.00
1286099,32322,149877,3480,333,66,0,0,66.000,551.00
1286099,183448,210768,46082,333,66,0,0,66.000,551.00
1286099,651211,111875,540,750,66,0,0,66.000,551.00
1286099,840866,974497,24053,333,66,0,0,66.000,551.00
1286099,1229985,871895,17786,750,66,0,0,66.000,551.00
1286099,535643,657341,32858,292,66,0,0,66.000,551.00
1286099,333451,810894,12317,334,66,0,0,66.000,551.00
1286099,895180,86840,5923,291,66,0,0,66.000,551.00
1286099,192489,973156,11553,334,66,0,0,66.000,551.00
1286099,295707,292046,7842,333,66,0,0,66.000,551.00
1286099,910087,102022,53524,334,66,0,0,66.000,551.00
1286099,258602,804764,20051,333,66,0,0,66.000,551.00
1286099,622295,128233,3213,333,66,0,0,66.000,551.00
1286099,595787,746010,53026,292,66,0,0,66.000,551.00
1286099,897592,832835,4463,292,66,0,0,66.000,551.00
1286099,1166419,90799,513,292,66,0,0,66.000,551.00
1286099,1081040,208654,23309,334,66,0,0,66.000,551.00
1286099,355270,85260,9614,292,66,0,0,66.000,551.00
1290811,730012,1143903,188,292,66,0,0,66.000,192.89
1290811,363309,385114,1987,292,66,0,0,66.000,192.89
1290811,882048,573465,5105,291,66,0,0,66.000,192.89
1290811,1149909,165716,3616,291,66,0,0,66.000,192.89
1290811,1165092,646733,6586,333,66,0,0,66.000,192.89
1290811,1232113,967632,3424,291,66,0,0,66.000,192.89
1290811,701248,475705,27,334,66,0,0,66.000,192.89
1290811,935320,598524,19069,292,66,0,0,66.000,192.89
1290811,568933,767903,10369,291,66,0,0,66.000,192.89
1290811,574487,850292,8668,333,66,0,0,66.000,192.89
1290811,1146826,465298,2420,292,66,0,0,66.000,192.89
1290811,780310,124220,782,333,66,0,0,66.000,192.89
1290811,489265,1202941,1210,291,66,0,0,66.000,192.89
1290811,623998,621166,5303,292,66,0,0,66.000,192.89
1290811,210314,870714,1518,333,66,0,0,66.000,192.89
1290811,706913,535212,2304,292,66,0,0,66.000,192.89
1290811,1106543,816701,2283,292,66,0,0,66.000,192.89
1290811,1123758,955381,30406,291,66,0,0,66.000,192.89
1290811,52803,591135,1478,292,66,0,0,66.000,192.89
1290811,942485,532230,15685,291,66,0,0,66.000,192.89
1292099,1264031,1133961,17710,292,66,0,0,66.000,201.70
1292099,248365,554317,6532,333,66,0,0,66.000,201.70
1292099,719231,1076653,4765,333,66,0,0,66.000,201.70
1292099,499992,857281,1656,292,66,0,0,66.000,201.70
1292099,72347,972342,6139,292,66,0,0,66.000,201.70
1292099,102075,698902,2416,292,66,0,0,66.000,201.70
1292099,980150,635355,5877,292,66,0,0,66.000,201.70
1292099,186668,864994,1230,333,66,0,0,66.000,201.70
1292099,95713,802414,1304,333,66,0,0,66.000,201.70
1292099,357497,880323,12561,334,66,0,0,66.000,201.70
1292099,988963,560985,7879,333,66,0,0,66.000,201.70
1292099,867829,952456,8975,333,66,0,0,66.000,201.70
1292099,376666,404348,20377,292,66,0,0,66.000,201.70
1292099,1102994,1013667,375,291,66,0,0,66.000,201.70
1292099,174336,586681,5968,291,66,0,0,66.000,201.70
1292099,1193237,384740,4657,292,66,0,0,66.000,201.70
1292099,20213,373049,4673,291,66,0,0,66.000,201.70
1292099,487052,1058819,5312,708,66,0,0,66.000,201.70
1292099,482181,654779,1782,292,66,0,0,66.000,201.70
1292099,220604,587414,7453,292,66,0,0,66.000,201.70
1292857,161986,17746,1422,291,66,0,0,66.000,124.45
1292857,739105,564752,3860,292,66,0,0,66.000,124.45
1292857,671552,1117845,1945,333,66,0,0,66.000,124.45
1292857,49953,533231,1168,291,66,0,0,66.000,124.45
1292857,872346,994750,7344,292,66,0,0,66.000,124.45
1292857,352591,963179,2995,334,66,0,0,66.000,124.45
1292857,1110229,1017788,12930,792,66,0,0,66.000,124.45
1292857,248630,1272184,529,291,66,0,0,66.000,124.45
1292857,173447,1284030,719,291,66,0,0,66.000,124.45
1292857,126607,787670,3050,291,66,0,0,66.000,124.45
1292857,852772,1250893,1096,334,66,0,0,66.000,124.45
1292857,115329,690219,3146,291,66,0,0,66.000,124.45
1292857,1201477,62705,370,334,66,0,0,66.000,124.45
1292857,19432,820599,3343,292,66,0,0,66.000,124.45
1292857,379686,518785,15522,291,66,0,0,66.000,124.45
1292857,202579,689564,2811,333,66,0,0,66.000,124.45
1292857,1012945,302715,1986,291,66,0,0,66.000,124.45
1292857,960408,1205130,5744,292,66,0,0,66.000,124.45
1292857,926427,1290418,2221,291,66,0,0,66.000,124.45
1292857,733290,394193,6719,333,66,0,0,66.000,124.45
1292953,435486,442430,606,291,66,0,0,66.000,116.29
1292953,655953,584789,518,333,66,0,0,66.000,116.29
1292953,1268231,52489,293,333,66,0,0,66.000,116.29
1292953,620103,197058,218,333,66,0,0,66.000,116.29
1292953,30179,800329,2584,292,66,0,0,66.000,116.29
1292953,1276929,190897,4248,292,66,0,0,66.000,116.29
1292953,875787,922256,17336,333,66,0,0,66.000,116.29
1292953,497020,1217470,3155,334,66,0,0,66.000,116.29
1292953,492911,662898,3851,333,66,0,0,66.000,116.29
1292953,24140,1188495,9117,292,66,0,0,66.000,116.29
1292953,1030340,1273364,330,291,66,0,0,66.000,116.29
1292953,719449,805377,831,334,66,0,0,66.000,116.29
1292953,1282449,1132519,12173,291,66,0,0,66.000,116.29
1292953,413098,1086823,2733,333,66,0,0,66.000,116.29
1292953,760497,740162,2965,292,66,0,0,66.000,116.29
1292953,1160429,1009919,2330,292,66,0,0,66.000,116.29
1292953,343125,146031,745,292,66,0,0,66.000,116.29
1292953,170797,565605,2994,333,66,0,0,66.000,116.29
1292953,473542,1187107,1886,334,66,0,0,66.000,116.29
1292953,169603,1141726,4106,292,66,0,0,66.000,116.29
1293821,169305,27982,16218,333,66,0,0,66.000,228.22
1293821,154007,779133,1956,291,66,0,0,66.000,228.22
1293821,182659,1157027,6011,333,66,0,0,66.000,228.22
1293821,835172,866525,966,291,66,0,0,66.000,228.22
1293821,1266130,237491,27297,292,66,0,0,66.000,228.22
1293821,1025389,804256,8212,292,66,0,0,66.000,228.22
1293821,1098728,48167,5782,291,66,0,0,66.000,228.22
1293821,834207,695200,7833,708,66,0,0,66.000,228.22
1293821,667666,687710,799,292,66,0,0,66.000,228.22
1293821,453485,1168362,2705,292,66,0,0,66.000,228.22
1293821,638128,1036530,2344,333,66,0,0,66.000,228.22
1293821,525678,1077308,11090,291,66,0,0,66.000,228.22
1293821,866224,245297,326,333,66,0,0,66.000,228.22
1293821,1143695,780510,938,333,66,0,0,66.000,228.22
1293821,170834,1079767,5524,333,66,0,0,66.000,228.22
1293821,85281,663376,12528,334,66,0,0,66.000,228.22
1293821,518165,285961,1526,309,66,0,0,66.000,228.22
1293821,219406,1260618,13937,750,66,0,0,66.000,228.22
1293821,188211,403324,10810,334,66,0,0,66.000,228.22
1293821,556781,1074951,7881,292,66,0,0,66.000,228.22
1295747,1149381,253541,4622,291,66,0,0,66.000,265.45
1295747,740881,1122037,1368,291,66,0,0,66.000,265.45
1295747,86187,1190337,6608,292,66,0,0,66.000,265.45
1295747,797219,833831,9220,333,66,0,0,66.000,265.45
1295747,1011447,334735,28232,292,66,0,0,66.000,265.45
1295747,772414,852243,5465,333,66,0,0,66.000,265.45
1295747,772414,170257,360,333,66,0,0,66.000,265.45
1295747,699965,422174,3898,333,66,0,0,66.000,265.45
1295747,346821,342447,16731,333,66,0,0,66.000,265.45
1295747,283919,452288,10941,292,66,0,0,66.000,265.45
1295747,567247,794433,12423,334,66,0,0,66.000,265.45
1295747,612207,588270,947,750,66,0,0,66.000,265.45
1295747,867325,940968,3077,291,66,0,0,66.000,265.45
1295747,856300,136704,13140,333,66,0,0,66.000,265.45
1295747,71148,133323,6907,291,66,0,0,66.000,265.45
1295747,330047,570220,12368,334,66,0,0,66.000,265.45
1295747,923921,532991,1147,334,66,0,0,66.000,265.45
1295747,1158611,521035,16472,292,66,0,0,66.000,265.45
1295747,178959,1291664,2839,375,66,0,0,66.000,265.45
1295747,1027382,981591,11556,292,66,0,0,66.000,265.45
1299841,1274710,203293,24026,333,66,0,0,66.000,364.32
1299841,21568,168498,6237,292,66,0,0,66.000,364.32
1299841,1174067,663143,7476,333,66,0,0,66.000,364.32
1299841,960229,593492,12141,292,66,0,0,66.000,364.32
1299841,1106691,804361,12451,291,66,0,0,66.000,364.32
1299841,51053,711090,2485,292,66,0,0,66.000,364.32
1299841,38717,735912,3074,292,66,0,0,66.000,364.32
1299841,600528,1171312,767,292,66,0,0,66.000,364.32
1299841,501414,920067,10247,292,66,0,0,66.000,364.32
1299841,1191162,691860,27311,291,66,0,0,66.000,364.32
1299841,1251688,1026932,2618,292,66,0,0,66.000,364.32
1299841,771475,300041,5955,375,66,0,0,66.000,364.32
1299841,785311,498707,17251,750,66,0,0,66.000,364.32
1299841,289683,895713,6885,334,66,0,0,66.000,364.32
1299841,370439,886081,52711,792,66,0,0,66.000,364.32
1299841,574932,880306,4543,334,66,0,0,66.000,364.32
1299841,798992,1164068,3547,292,66,0,0,66.000,364.32
1299841,1260582,1246553,953,292,66,0,0,66.000,364.32
1299841,279357,174336,26499,334,66,0,0,66.000,364.32
1299841,284279,853466,3780,334,66,0,0,66.000,364.32
1300307,1297010,1259625,4616,292,66,0,0,66.000,301.95
1300307,661968,949617,7615,333,66,0,0,66.000,301.95
1300307,471527,1181041,1496,292,66,0,0,66.000,301.95
1300307,519016,578521,1397,333,66,0,0,66.000,301.95
1300307,1208764,745477,11891,333,66,0,0,66.000,301.95
1300307,1024981,78282,9921,333,66,0,0,66.000,301.95
1300307,993388,947755,1039,333,66,0,0,66.000,301.95
1300307,580688,643845,2800,708,66,0,0,66.000,301.95
1300307,446131,1281753,36889,708,66,0,0,66.000,301.95
1300307,420182,16972,4977,291,66,0,0,66.000,301.95
1300307,285473,343508,24898,333,66,0,0,66.000,301.95
1300307,286385,127181,21827,333,66,0,0,66.000,301.95
1300307,639159,840686,3701,292,66,0,0,66.000,301.95
1300307,468136,365466,12264,292,66,0,0,66.000,301.95
1300307,1068463,548512,3182,333,66,0,0,66.000,301.95
1300307,563663,79466,12669,292,66,0,0,66.000,301.95
1300307,565972,1111433,11433,333,66,0,0,66.000,301.95
1300307,101397,984879,15791,709,66,0,0,66.000,301.95
1300307,1081613,23380,1918,291,66,0,0,66.000,301.95
1300307,576381,125525,995,292,66,0,0,66.000,301.95
1305643,634419,102148,5632,333,66,0,0,66.000,257.71
1305643,377513,865230,14070,310,66,0,0,66.000,257.71
1305643,842851,829807,14484,292,66,0,0,66.000,257.71
1305643,586074,770959,3551,291,66,0,0,66.000,257.71
1305643,1195698,1077866,2712,292,66,0,0,66.000,257.71
1305643,400612,16835,5654,292,66,0,0,66.000,257.71
1305643,522140,526209,5048,333,66,0,0,66.000,257.71
1305643,228644,728994,14028,333,66,0,0,66.000,257.71
1305643,201939,379697,1537,291,66,0,0,66.000,257.71
1305643,427223,826058,247,333,66,0,0,66.000,257.71
1305643,919720,841408,689,292,66,0,0,66.000,257.71
1305643,663364,1033852,2956,334,66,0,0,66.000,257.71
1305643,92421,1186415,4441,291,66,0,0,66.000,257.71
1305643,574744,849114,2476,334,66,0,0,66.000,257.71
1305643,348850,1043615,13073,333,66,0,0,66.000,257.71
1305643,885367,231151,6168,292,66,0,0,66.000,257.71
1305643,370506,556560,17221,291,66,0,0,66.000,257.71
1305643,626830,118698,1912,292,66,0,0,66.000,257.71
1305643,1141474,381538,40545,750,66,0,0,66.000,257.71
1305643,254774,715364,5549,333,66,0,0,66.000,257.71
1307437,234327,1181085,1966,292,66,0,0,66.000,539.68
1307437,1277282,997305,40821,333,66,0,0,66.000,539.68
1307437,1283259,247476,10046,292,66,0,0,66.000,539.68
1307437,527105,631148,23760,292,66,0,0,66.000,539.68
1307437,1140559,783329,16244,292,66,0,0,66.000,539.68
1307437,482286,697358,5308,292,66,0,0,66.000,539.68
1307437,600259,939802,17393,292,66,0,0,66.000,539.68
1307437,698032,943990,17480,291,66,0,0,66.000,539.68
1307437,164150,456479,16716,334,66,0,0,66.000,539.68
1307437,286147,1195953,91440,333,66,0,0,66.000,539.68
1307437,607107,530914,978,292,66,0,0,66.000,539.68
1307437,2740,272113,39180,292,66,0,0,66.000,539.68
1307437,1251697,862916,23945,334,66,0,0,66.000,539.68
1307437,1048037,596376,2903,708,66,0,0,66.000,539.68
1307437,1111740,1033592,2404,333,66,0,0,66.000,539.68
1307437,215346,1255685,8227,292,66,0,0,66.000,539.68
1307437,982319,949811,173,333,66,0,0,66.000,539.68
1307437,685596,1128085,1638,334,66,0,0,66.000,539.68
1307437,1162147,359185,19284,333,66,0,0,66.000,539.68
1307437,918631,743687,2764,334,66,0,0,66.000,539.68
1308343,994138,1044550,41,333,66,0,0,66.000,175.89
1308343,1195184,797594,2019,750,66,0,0,66.000,175.89
1308343,500008,110467,166,333,66,0,0,66.000,175.89
1308343,1183920,1287670,8087,292,66,0,0,66.000,175.89
1308343,530980,576733,3489,333,66,0,0,66.000,175.89
1308343,51122,1282655,1666,291,66,0,0,66.000,175.89
1308343,692383,824688,1084,333,66,0,0,66.000,175.89
1308343,747846,1024778,22310,750,66,0,0,66.000,175.89
1308343,294299,709871,10409,709,66,0,0,66.000,175.89
1308343,1036885,442697,1673,333,66,0,0,66.000,175.89
1308343,155692,12105,3023,334,66,0,0,66.000,175.89
1308343,1120291,1140755,17117,292,66,0,0,66.000,175.89
1308343,905447,730055,717,292,66,0,0,66.000,175.89
1308343,398358,755331,16971,291,66,0,0,66.000,175.89
1308343,954570,735061,2514,333,66,0,0,66.000,175.89
1308343,1193625,86630,6781,334,66,0,0,66.000,175.89
1308343,28205,503048,2099,333,66,0,0,66.000,175.89
1308343,185054,753338,4099,292,66,0,0,66.000,175.89
1308343,229616,196012,6877,292,66,0,0,66.000,175.89
1308343,1270144,807674,517,333,66,0,0,66.000,175.89
1308491,861644,850959,233,333,66,0,0,66.000,400.39
1308491,971970,1256449,43029,334,66,0,0,66.000,400.39
1308491,119248,538833,6008,292,66,0,0,66.000,400.39
1308491,597561,1109340,9365,292,66,0,0,66.000,400.39
1308491,752556,118146,10052,292,66,0,0,66.000,400.39
1308491,61187,739708,2188,333,66,0,0,66.000,400.39
1308491,1014970,1113411,886,333,66,0,0,66.000,400.39
1308491,257809,687602,20504,292,66,0,0,66.000,400.39
1308491,1051424,286968,2508,333,66,0,0,66.000,400.39
1308491,786255,692649,7158,333,66,0,0,66.000,400.39
1308491,319344,795785,20640,333,66,0,0,66.000,400.39
1308491,321696,999160,39027,291,66,0,0,66.000,400.39
1308491,1002621,449439,11851,291,66,0,0,66.000,400.39
1308491,355890,374548,26505,333,66,0,0,66.000,400.39
1308491,548106,293529,6200,292,66,0,0,66.000,400.39
1308491,1008687,218280,5070,292,66,0,0,66.000,400.39
1308491,1012167,987671,6444,292,66,0,0,66.000,400.39
1308491,752988,766396,6108,334,66,0,0,66.000,400.39
1308491,1000948,271215,17480,291,66,0,0,66.000,400.39
1308491,1221053,704800,12432,292,66,0,0,66.000,400.39
1310759,1226941,949278,9550,333,66,0,0,66.000,248.69
1310759,354948,1286183,3641,709,66,0,0,66.000,248.69
1310759,618331,258641,11809,291,66,0,0,66.000,248.69
1310759,1186983,299864,4756,333,66,0,0,66.000,248.69
1310759,1068398,1021070,1926,292,66,0,0,66.000,248.69
1310759,1043645,1097625,3646,333,66,0,0,66.000,248.69
1310759,5045,727414,786,333,66,0,0,66.000,248.69
1310759,507529,999802,14759,333,66,0,0,66.000,248.69
1310759,44305,129877,8687,291,66,0,0,66.000,248.69
1310759,774790,1173808,9173,291,66,0,0,66.000,248.69
1310759,127389,1206115,567,291,66,0,0,66.000,248.69
1310759,1090691,618046,3710,333,66,0,0,66.000,248.69
1310759,900940,750269,9296,333,66,0,0,66.000,248.69
1310759,973328,331145,11089,334,66,0,0,66.000,248.69
1310759,738281,98565,13333,333,66,0,0,66.000,248.69
1310759,350348,1206544,21118,292,66,0,0,66.000,248.69
1310759,846361,928127,7866,333,66,0,0,66.000,248.69
1310759,267539,685264,14704,334,66,0,0,66.000,248.69
1310759,99201,5030,5651,291,66,0,0,66.000,248.69
1310759,453550,765726,1115,292,66,0,0,66.000,248.69
1311367,532894,273144,7897,333,66,0,0,66.000,354.84
1311367,1079676,160670,2317,291,66,0,0,66.000,354.84
1311367,1207812,547324,792,292,66,0,0,66.000,354.84
1311367,125189,867918,12219,333,66,0,0,66.000,354.84
1311367,617672,304302,2958,334,66,0,0,66.000,354.84
1311367,1274737,1305058,41193,333,66,0,0,66.000,354.84
1311367,1276288,914221,8700,333,66,0,0,66.000,354.84
1311367,742243,1173512,5740,292,66,0,0,66.000,354.84
1311367,867885,243195,3410,292,66,0,0,66.000,354.84
1311367,1205866,664321,9402,750,66,0,0,66.000,354.84
1311367,287341,587853,60,292,66,0,0,66.000,354.84
1311367,29945,654911,22931,292,66,0,0,66.000,354.84
1311367,752495,159423,3705,292,66,0,0,66.000,354.84
1311367,216638,302222,2516,291,66,0,0,66.000,354.84
1311367,871344,450106,30040,291,66,0,0,66.000,354.84
1311367,595021,1036063,11887,334,66,0,0,66.000,354.84
1311367,1056586,1250576,4202,334,66,0,0,66.000,354.84
1311367,560912,1185924,423,292,66,0,0,66.000,354.84
1311367,248521,829664,35594,333,66,0,0,66.000,354.84
1311367,424249,866571,19343,292,66,0,0,66.000,354.84
1315591,409221,692734,14933,291,66,0,0,66.000,458.08
1315591,316204,95122,15862,333,66,0,0,66.000,458.08
1315591,641289,1243125,7498,292,66,0,0,66.000,458.08
1315591,1129250,1297317,33081,292,66,0,0,66.000,458.08
1315591,625318,919823,1560,292,66,0,0,66.000,458.08
1315591,921288,1213751,21238,291,66,0,0,66.000,458.08
1315591,665469,832268,32128,750,66,0,0,66.000,458.08
1315591,21918,920006,76,333,66,0,0,66.000,458.08
1315591,326594,528842,4761,292,66,0,0,66.000,458.08
1315591,214918,35585,10580,292,66,0,0,66.000,458.08
1315591,754359,1199459,8433,334,66,0,0,66.000,458.08
1315591,658451,930998,3483,292,66,0,0,66.000,458.08
1315591,899426,168782,16559,291,66,0,0,66.000,458.08
1315591,1190832,640973,13051,726,66,0,0,66.000,458.08
1315591,65128,1105224,385,334,66,0,0,66.000,458.08
1315591,763203,59179,19160,292,66,0,0,66.000,458.08
1315591,1007433,658056,9523,333,66,0,0,66.000,458.08
1315591,886891,1009335,62775,292,66,0,0,66.000,458.08
1315591,65797,1249620,6258,334,66,0,0,66.000,458.08
1315591,1215849,1005813,3098,333,66,0,0,66.000,458.08
1317683,667033,37758,22990,333,66,0,0,66.000,487.10
1317683,90939,1125011,4908,334,66,0,0,66.000,487.10
1317683,1179850,1221591,49962,333,66,0,0,66.000,487.10
1317683,745225,355705,24604,291,66,0,0,66.000,487.10
1317683,1223797,539994,38916,333,66,0,0,66.000,487.10
1317683,490739,509243,6468,292,66,0,0,66.000,487.10
1317683,652263,1211852,29928,334,66,0,0,66.000,487.10
1317683,260469,1262754,8230,768,66,0,0,66.000,487.10
1317683,365314,938951,84,333,66,0,0,66.000,487.10
1317683,405018,894889,11856,333,66,0,0,66.000,487.10
1317683,302028,374511,12676,291,66,0,0,66.000,487.10
1317683,763923,938655,12245,291,66,0,0,66.000,487.10
1317683,616066,572814,6103,292,66,0,0,66.000,487.10
1317683,274420,791014,24612,334,66,0,0,66.000,487.10
1317683,907533,744341,12506,292,66,0,0,66.000,487.10
1317683,723898,251441,16898,334,66,0,0,66.000,487.10
1317683,1123280,407962,151,333,66,0,0,66.000,487.10
1317683,891035,435644,6253,334,66,0,0,66.000,487.10
1317683,186173,850970,1521,333,66,0,0,66.000,487.10
1317683,582050,381433,18385,333,66,0,0,66.000,487.10
1318729,503224,1197823,999,333,66,0,0,66.000,202.10
1318729,472068,1182652,8175,334,66,0,0,66.000,202.10
1318729,84621,538911,4832,292,66,0,0,66.000,202.10
1318729,838277,1287489,7608,334,66,0,0,66.000,202.10
1318729,871173,300450,4794,292,66,0,0,66.000,202.10
1318729,261449,202251,3952,708,66,0,0,66.000,202.10
1318729,1154279,1314594,4926,708,66,0,0,66.000,202.10
1318729,1127533,676583,2095,334,66,0,0,66.000,202.10
1318729,6311,210490,948,292,66,0,0,66.000,202.10
1318729,144524,678555,15919,709,66,0,0,66.000,202.10
1318729,1007882,264305,5013,292,66,0,0,66.000,202.10
1318729,1102963,14156,14301,292,66,0,0,66.000,202.10
1318729,789924,92679,3609,292,66,0,0,66.000,202.10
1318729,974040,1210804,5707,291,66,0,0,66.000,202.10
1318729,867490,165753,8669,291,66,0,0,66.000,202.10
1318729,812273,252511,9731,350,66,0,0,66.000,202.10
1318729,1277436,366420,18873,333,66,0,0,66.000,202.10
1318729,225710,967461,5828,292,66,0,0,66.000,202.10
1318729,401677,726210,1131,417,66,0,0,66.000,202.10
1318729,375417,1037185,1202,292,66,0,0,66.000,202.10
1322021,176214,763603,13930,333,66,0,0,66.000,628.15
1322021,1202984,29704,3221,333,66,0,0,66.000,628.15
1322021,200113,974473,20474,333,66,0,0,66.000,628.15
1322021,1040241,737281,23644,333,66,0,0,66.000,628.15
1322021,766277,970178,74141,333,66,0,0,66.000,628.15
1322021,490025,763853,7787,726,66,0,0,66.000,628.15
1322021,3401,379746,38539,292,66,0,0,66.000,628.15
1322021,254107,106591,6003,292,66,0,0,66.000,628.15
1322021,1216067,460609,18433,334,66,0,0,66.000,628.15
1322021,1314445,1126249,12432,333,66,0,0,66.000,628.15
1322021,410550,158720,63324,333,66,0,0,66.000,628.15
1322021,374477,21856,22602,334,66,0,0,66.000,628.15
1322021,256569,418010,1965,292,66,0,0,66.000,628.15
1322021,804436,262851,9778,333,66,0,0,66.000,628.15
1322021,983487,1135951,19979,292,66,0,0,66.000,628.15
1322021,185704,1255216,565,334,66,0,0,66.000,628.15
1322021,325068,975283,29559,333,66,0,0,66.000,628.15
1322021,704336,916596,6593,292,66,0,0,66.000,628.15
1322021,1138674,1219180,16440,292,66,0,0,66.000,628.15
1322021,163807,552041,8903,708,66,0,0,66.000,628.15
1322389,664579,620327,18202,292,66,0,0,66.000,632.27
1322389,1164112,535466,8281,333,66,0,0,66.000,632.27
1322389,997007,1220048,18018,291,66,0,0,66.000,632.27
1322389,925840,123916,32003,291,66,0,0,66.000,632.27
1322389,758060,368103,788,334,66,0,0,66.000,632.27
1322389,1073117,14047,20437,333,66,0,0,66.000,632.27
1322389,1228347,1233765,19781,334,66,0,0,66.000,632.27
1322389,1074604,785939,15626,292,66,0,0,66.000,632.27
1322389,362284,319663,6114,333,66,0,0,66.000,632.27
1322389,1318334,1238667,83742,333,66,0,0,66.000,632.27
1322389,901655,156819,15602,333,66,0,0,66.000,632.27
1322389,1277357,122002,15090,334,66,0,0,66.000,632.27
1322389,18557,883191,6908,333,66,0,0,66.000,632.27
1322389,693461,1169421,6287,333,66,0,0,66.000,632.27
1322389,420512,274639,30494,291,66,0,0,66.000,632.27
1322389,97477,146304,12356,334,66,0,0,66.000,632.27
1322389,22504,215191,22219,333,66,0,0,66.000,632.27
1322389,285007,472343,17704,292,66,0,0,66.000,632.27
1322389,162307,516979,23687,292,66,0,0,66.000,632.27
1322389,601450,945384,27132,291,66,0,0,66.000,632.27
1326307,454004,28889,963,333,66,0,0,66.000,330.01
1326307,373626,13532,4211,333,66,0,0,66.000,330.01
1326307,1110468,58235,13482,292,66,0,0,66.000,330.01
1326307,1152482,441889,7850,333,66,0,0,66.000,330.01
1326307,502969,745165,31480,333,66,0,0,66.000,330.01
1326307,373421,2504,15488,291,66,0,0,66.000,330.01
1326307,497345,69865,22295,334,66,0,0,66.000,330.01
1326307,575745,643741,20228,291,66,0,0,66.000,330.01
1326307,381950,634884,9738,708,66,0,0,66.000,330.01
1326307,282636,994811,7301,292,66,0,0,66.000,330.01
1326307,1015607,744991,13742,708,66,0,0,66.000,330.01
1326307,1198613,1096947,231,292,66,0,0,66.000,330.01
1326307,266667,696422,1856,333,66,0,0,66.000,330.01
1326307,339756,1308170,11,291,66,0,0,66.000,330.01
1326307,1000177,1103118,16061,292,66,0,0,66.000,330.01
1326307,175429,645373,8366,292,66,0,0,66.000,330.01
1326307,230122,1008358,8281,291,66,0,0,66.000,330.01
1326307,664308,1045937,5405,333,66,0,0,66.000,330.01
1326307,812066,523126,17140,292,66,0,0,66.000,330.01
1326307,260921,665085,5006,334,66,0,0,66.000,330.01
1327369,1271879,326611,2206,292,66,0,0,66.000,107.87
1327369,1297400,829831,2752,334,66,0,0,66.000,107.87
1327369,584637,818917,9766,333,66,0,0,66.000,107.87
1327369,494700,1242832,3738,334,66,0,0,66.000,107.87
1327369,607791,251003,3057,291,66,0,0,66.000,107.87
1327369,512307,1247911,10745,334,66,0,0,66.000,107.87
1327369,1183181,1116947,4817,291,66,0,0,66.000,107.87
1327369,1062312,558385,664,291,66,0,0,66.000,107.87
1327369,842578,891804,2398,292,66,0,0,66.000,107.87
1327369,112781,536753,4836,291,66,0,0,66.000,107.87
1327369,1309548,437365,3956,291,66,0,0,66.000,107.87
1327369,916788,271823,4817,291,66,0,0,66.000,107.87
1327369,984962,1110613,1449,291,66,0,0,66.000,107.87
1327369,592190,321321,2560,292,66,0,0,66.000,107.87
1327369,1090698,1322546,195,292,66,0,0,66.000,107.87
1327369,106389,904837,128,292,66,0,0,66.000,107.87
1327369,1025890,957675,2096,333,66,0,0,66.000,107.87
1327369,1089227,74367,4054,334,66,0,0,66.000,107.87
1327369,183827,603447,2977,333,66,0,0,66.000,107.87
1327369,236707,1125201,1154,291,66,0,0,66.000,107.87
1328179,1201077,286044,2815,292,66,0,0,66.000,254.01
1328179,94606,693685,787,291,66,0,0,66.000,254.01
1328179,521039,858209,4337,292,66,0,0,66.000,254.01
1328179,1299293,907366,8934,292,66,0,0,66.000,254.01
1328179,297124,1144667,191,333,66,0,0,66.000,254.01
1328179,147015,259160,8569,291,66,0,0,66.000,254.01
1328179,742998,246366,20540,292,66,0,0,66.000,254.01
1328179,1035461,119965,582,292,66,0,0,66.000,254.01
1328179,77585,694402,8662,292,66,0,0,66.000,254.01
1328179,1199976,291935,22060,333,66,0,0,66.000,254.01
1328179,473501,7134,13627,291,66,0,0,66.000,254.01
1328179,64057,1118285,3543,292,66,0,0,66.000,254.01
1328179,734421,802245,19423,292,66,0,0,66.000,254.01
1328179,80395,602577,33173,334,66,0,0,66.000,254.01
1328179,11421,150497,1610,334,66,0,0,66.000,254.01
1328179,601817,812903,159,333,66,0,0,66.000,254.01
1328179,756100,808166,5634,333,66,0,0,66.000,254.01
1328179,335201,171293,209,292,66,0,0,66.000,254.01
1328179,351403,333414,2714,292,66,0,0,66.000,254.01
1328179,1277508,582289,3327,333,66,0,0,66.000,254.01
1328563,838519,794302,26175,333,66,0,0,66.000,403.52
1328563,1310120,1009538,974,292,66,0,0,66.000,403.52
1328563,164967,1161311,1466,333,66,0,0,66.000,403.52
1328563,1102244,898884,6535,292,66,0,0,66.000,403.52
1328563,242649,366942,16135,292,66,0,0,66.000,403.52
1328563,461141,465167,17394,292,66,0,0,66.000,403.52
1328563,1256730,752335,7787,292,66,0,0,66.000,403.52
1328563,575306,491988,28509,333,66,0,0,66.000,403.52
1328563,1102198,179418,1584,292,66,0,0,66.000,403.52
1328563,634880,382726,26557,291,66,0,0,66.000,403.52
1328563,215558,1225219,12651,292,66,0,0,66.000,403.52
1328563,717504,1296646,47695,333,66,0,0,66.000,403.52
1328563,704364,907986,11049,292,66,0,0,66.000,403.52
1328563,51982,1178802,6608,333,66,0,0,66.000,403.52
1328563,260607,1136511,4378,334,66,0,0,66.000,403.52
1328563,18425,355937,3860,333,66,0,0,66.000,403.52
1328563,771328,996083,6505,291,66,0,0,66.000,403.52
1328563,799076,83347,8920,333,66,0,0,66.000,403.52
1328563,1057902,83014,10251,334,66,0,0,66.000,403.52
1328563,282831,125893,10866,292,66,0,0,66.000,403.52
1330253,1173899,788355,25437,333,66,0,0,66.000,920.72
1330253,580116,700768,24710,334,66,0,0,66.000,920.72
1330253,260993,1089846,11820,708,66,0,0,66.000,920.72
1330253,899123,716281,79836,291,66,0,0,66.000,920.72
1330253,938106,1141800,51266,333,66,0,0,66.000,920.72
1330253,1244089,165346,14897,292,66,0,0,66.000,920.72
1330253,320946,1191153,11885,334,66,0,0,66.000,920.72
1330253,1309095,164743,13820,292,66,0,0,66.000,920.72
1330253,255711,329238,23981,292,66,0,0,66.000,920.72
1330253,323154,1258386,7708,292,66,0,0,66.000,920.72
1330253,874324,288809,21586,292,66,0,0,66.000,920.72
1330253,858623,957065,65405,334,66,0,0,66.000,920.72
1330253,177717,1251528,43605,291,66,0,0,66.000,920.72
1330253,1113348,1243843,6647,291,66,0,0,66.000,920.72
1330253,431466,454287,4813,333,66,0,0,66.000,920.72
1330253,544542,62957,5610,333,66,0,0,66.000,920.72
1330253,1180569,1017323,11826,291,66,0,0,66.000,920.72
1330253,447382,59966,13810,292,66,0,0,66.000,920.72
1330253,446067,547590,116118,708,66,0,0,66.000,920.72
1330253,835830,853190,29363,292,66,0,0,66.000,920.72
1330519,294868,23632,10039,292,66,0,0,66.000,141.05
1330519,936927,43027,867,334,66,0,0,66.000,141.05
1330519,374974,866465,6135,292,66,0,0,66.000,141.05
1330519,783422,580569,764,334,66,0,0,66.000,141.05
1330519,707309,186033,10691,334,66,0,0,66.000,141.05
1330519,1125646,1212614,1803,291,66,0,0,66.000,141.05
1330519,576355,523432,14802,291,66,0,0,66.000,141.05
1330519,344651,1163548,1736,708,66,0,0,66.000,141.05
1330519,1302778,1094540,3966,292,66,0,0,66.000,141.05
1330519,218046,692475,2173,292,66,0,0,66.000,141.05
1330519,49466,505360,10396,292,66,0,0,66.000,141.05
1330519,1200703,1262239,227,792,66,0,0,66.000,141.05
1330519,1015768,193388,8917,292,66,0,0,66.000,141.05
1330519,707474,959680,4029,292,66,0,0,66.000,141.05
1330519,787739,381728,7388,750,66,0,0,66.000,141.05
1330519,763275,31309,1055,334,66,0,0,66.000,141.05
1330519,509627,983183,661,333,66,0,0,66.000,141.05
1330519,297221,908188,92,333,66,0,0,66.000,141.05
1330519,769193,451686,2382,333,66,0,0,66.000,141.05
1330519,1250636,1174461,1330,333,66,0,0,66.000,141.05
1333273,1305325,210609,4276,292,66,0,0,66.000,418.05
1333273,1260588,305887,14834,291,66,0,0,66.000,418.05
1333273,912902,1034403,5195,334,66,0,0,66.000,418.05
1333273,432968,846286,1827,334,66,0,0,66.000,418.05
1333273,1319875,74396,43313,292,66,0,0,66.000,418.05
1333273,1028618,932028,9005,292,66,0,0,66.000,418.05
1333273,53468,95503,15071,292,66,0,0,66.000,418.05
1333273,1112662,1033343,26865,292,66,0,0,66.000,418.05
1333273,1036640,902152,130,333,66,0,0,66.000,418.05
1333273,20865,1279172,1490,291,66,0,0,66.000,418.05
1333273,443007,104800,8844,333,66,0,0,66.000,418.05
1333273,304188,312972,6858,333,66,0,0,66.000,418.05
1333273,1080060,230728,9653,333,66,0,0,66.000,418.05
1333273,429983,719561,34728,292,66,0,0,66.000,418.05
1333273,325818,989972,26563,292,66,0,0,66.000,418.05
1333273,461217,306177,2444,292,66,0,0,66.000,418.05
1333273,171532,699763,3211,291,66,0,0,66.000,418.05
1333273,447725,1042124,24057,292,66,0,0,66.000,418.05
1333273,243640,259261,19526,334,66,0,0,66.000,418.05
1333273,312682,783036,1380,292,66,0,0,66.000,418.05
1334233,356976,428201,35856,334,66,0,0,66.000,391.61
1334233,813588,1155271,5278,709,66,0,0,66.000,391.61
1334233,1040712,1189566,6929,334,66,0,0,66.000,391.61
1334233,673824,212281,5795,292,66,0,0,66.000,391.61
1334233,852470,1040836,10110,292,66,0,0,66.000,391.61
1334233,784043,1081020,15667,334,66,0,0,66.000,391.61
1334233,702505,634704,5683,333,66,0,0,66.000,391.61
1334233,858537,114329,1129,333,66,0,0,66.000,391.61
1334233,575526,1045230,22111,292,66,0,0,66.000,391.61
1334233,985755,494910,16512,291,66,0,0,66.000,391.61
1334233,299772,604207,643,333,66,0,0,66.000,391.61
1334233,541217,848812,16278,709,66,0,0,66.000,391.61
1334233,373911,1108542,12658,333,66,0,0,66.000,391.61
1334233,40613,118498,4556,292,66,0,0,66.000,391.61
1334233,280386,1186397,10671,292,66,0,0,66.000,391.61
1334233,911943,967709,20079,291,66,0,0,66.000,391.61
1334233,744777,883367,25036,334,66,0,0,66.000,391.61
1334233,1322852,62267,131,310,66,0,0,66.000,391.61
1334233,432672,12963,5596,292,66,0,0,66.000,391.61
1334233,668502,1081342,27726,292,66,0,0,66.000,391.61
1334401,1165573,396433,6880,709,66,0,0,66.000,513.86
1334401,91273,230607,5845,333,66,0,0,66.000,513.86
1334401,93299,1234443,28783,333,66,0,0,66.000,513.86
1334401,1046218,577074,15891,334,66,0,0,66.000,513.86
1334401,1178045,420643,7414,750,66,0,0,66.000,513.86
1334401,1077429,204645,1179,333,66,0,0,66.000,513.86
1334401,906124,1110493,19071,334,66,0,0,66.000,513.86
1334401,261677,707712,12871,292,66,0,0,66.000,513.86
1334401,1150202,580654,57164,750,66,0,0,66.000,513.86
1334401,1117396,358155,11766,334,66,0,0,66.000,513.86
1334401,952913,226960,12585,292,66,0,0,66.000,513.86
1334401,753450,748073,12723,333,66,0,0,66.000,513.86
1334401,1007485,747265,13535,292,66,0,0,66.000,513.86
1334401,13836,229619,3889,333,66,0,0,66.000,513.86
1334401,170233,503631,4000,291,66,0,0,66.000,513.86
1334401,890310,48659,9249,333,66,0,0,66.000,513.86
1334401,538646,901281,35330,292,66,0,0,66.000,513.86
1334401,147935,678171,45240,292,66,0,0,66.000,513.86
1334401,126831,528689,10184,333,66,0,0,66.000,513.86
1334401,1121536,995040,12034,333,66,0,0,66.000,513.86
1335343,1097544,190539,2624,333,66,0,0,66.000,410.27
1335343,147651,517006,34129,708,66,0,0,66.000,410.27
1335343,1034570,1017933,24722,292,66,0,0,66.000,410.27
1335343,1100746,1281863,5063,333,66,0,0,66.000,410.27
1335343,563494,1323039,4397,291,66,0,0,66.000,410.27
1335343,998134,1179628,10118,291,66,0,0,66.000,410.27
1335343,559284,163967,26112,333,66,0,0,66.000,410.27
1335343,1309888,1073391,25746,292,66,0,0,66.000,410.27
1335343,1037799,1085775,44184,334,66,0,0,66.000,410.27
1335343,659420,773445,4282,292,66,0,0,66.000,410.27
1335343,800454,536143,7233,334,66,0,0,66.000,410.27
1335343,1145900,29731,40335,292,66,0,0,66.000,410.27
1335343,1280101,403508,716,333,66,0,0,66.000,410.27
1335343,711432,17795,856,333,66,0,0,66.000,410.27
1335343,988812,581395,1038,334,66,0,0,66.000,410.27
1335343,473559,1086034,563,292,66,0,0,66.000,410.27
1335343,1133063,1267336,5050,292,66,0,0,66.000,410.27
1335343,634268,580979,17423,334,66,0,0,66.000,410.27
1335343,45278,227999,239,351,66,0,0,66.000,410.27
1335343,654442,686481,755,334,66,0,0,66.000,410.27
1336463,1254537,381783,22686,334,66,0,0,66.000,606.57
1336463,1270801,1209977,22741,291,66,0,0,66.000,606.57
1336463,519160,1293094,42898,292,66,0,0,66.000,606.57
1336463,627982,1277609,12654,292,66,0,0,66.000,606.57
1336463,515572,282828,6039,334,66,0,0,66.000,606.57
1336463,329347,1094412,27779,333,66,0,0,66.000,606.57
1336463,1307696,306077,19269,292,66,0,0,66.000,606.57
1336463,876890,574137,2717,333,66,0,0,66.000,606.57
1336463,1253655,1046097,112589,334,66,0,0,66.000,606.57
1336463,726597,470955,16433,292,66,0,0,66.000,606.57
1336463,857328,638180,3793,334,66,0,0,66.000,606.57
1336463,507286,624940,45016,292,66,0,0,66.000,606.57
1336463,257167,1064281,3167,292,66,0,0,66.000,606.57
1336463,1222897,1215761,976,291,66,0,0,66.000,606.57
1336463,253723,969304,1269,333,66,0,0,66.000,606.57
1336463,1013032,11218,6310,333,66,0,0,66.000,606.57
1336463,210247,1085999,426,292,66,0,0,66.000,606.57
1336463,155191,479604,13689,333,66,0,0,66.000,606.57
1336463,638102,363022,16970,292,66,0,0,66.000,606.57
1336463,1069054,78804,3004,708,66,0,0,66.000,606.57
1336901,203963,70522,15559,292,66,0,0,66.000,645.28
1336901,800275,653080,22334,334,66,0,0,66.000,645.28
1336901,133630,769255,36430,291,66,0,0,66.000,645.28
1336901,366995,738125,15250,333,66,0,0,66.000,645.28
1336901,66259,137555,67812,334,66,0,0,66.000,645.28
1336901,340971,1144516,19562,334,66,0,0,66.000,645.28
1336901,1044715,139426,33667,291,66,0,0,66.000,645.28
1336901,988986,321967,45231,334,66,0,0,66.000,645.28
1336901,735324,730990,4093,709,66,0,0,66.000,645.28
1336901,1319019,1336717,3291,291,66,0,0,66.000,645.28
1336901,177078,281557,11602,292,66,0,0,66.000,645.28
1336901,1105220,1051655,10617,333,66,0,0,66.000,645.28
1336901,757231,810329,23841,292,66,0,0,66.000,645.28
1336901,340778,1142966,14786,333,66,0,0,66.000,645.28
1336901,1330713,245950,3826,333,66,0,0,66.000,645.28
1336901,904029,1027442,8436,709,66,0,0,66.000,645.28
1336901,1205280,525913,2097,292,66,0,0,66.000,645.28
1336901,1241362,48390,15758,750,66,0,0,66.000,645.28
1336901,604522,314659,36157,333,66,0,0,66.000,645.28
1336901,936688,1221569,12841,292,66,0,0,66.000,645.28
1338377,909228,99665,8053,292,66,0,0,66.000,319.33
1338377,931067,532476,2239,334,66,0,0,66.000,319.33
1338377,1310644,531273,16079,292,66,0,0,66.000,319.33
1338377,327652,385816,15491,334,66,0,0,66.000,319.33
1338377,829088,236210,5190,333,66,0,0,66.000,319.33
1338377,853917,1317199,4107,334,66,0,0,66.000,319.33
1338377,1310455,580154,18219,291,66,0,0,66.000,319.33
1338377,296824,350953,5763,291,66,0,0,66.000,319.33
1338377,2103,643447,12626,291,66,0,0,66.000,319.33
1338377,663595,1150127,9759,291,66,0,0,66.000,319.33
1338377,1336753,878012,17805,708,66,0,0,66.000,319.33
1338377,149384,558367,719,291,66,0,0,66.000,319.33
1338377,893300,73044,9039,292,66,0,0,66.000,319.33
1338377,836799,221035,2646,291,66,0,0,66.000,319.33
1338377,980419,652499,69,292,66,0,0,66.000,319.33
1338377,986805,929752,1767,833,66,0,0,66.000,319.33
1338377,503592,528239,2707,333,66,0,0,66.000,319.33
1338377,355377,1207367,35420,333,66,0,0,66.000,319.33
1338377,1260207,499636,15077,709,66,0,0,66.000,319.33
1338377,529888,298272,19289,291,66,0,0,66.000,319.33
1338653,253985,883267,7789,333,66,0,0,66.000,764.50
1338653,1157641,270707,10636,292,66,0,0,66.000,764.50
1338653,848299,360503,64492,291,66,0,0,66.000,764.50
1338653,17836,103743,13705,292,66,0,0,66.000,764.50
1338653,215818,340676,41338,292,66,0,0,66.000,764.50
1338653,1020274,371751,14842,334,66,0,0,66.000,764.50
1338653,59357,1271636,13288,292,66,0,0,66.000,764.50
1338653,712356,592166,27587,333,66,0,0,66.000,764.50
1338653,1048653,507509,1183,292,66,0,0,66.000,764.50
1338653,1211070,289207,41128,709,66,0,0,66.000,764.50
1338653,336618,1770,14057,292,66,0,0,66.000,764.50
1338653,859997,1155371,5981,292,66,0,0,66.000,764.50
1338653,1042382,301835,59835,334,66,0,0,66.000,764.50
1338653,553630,741422,23816,291,66,0,0,66.000,764.50
1338653,1031515,1275843,3822,292,66,0,0,66.000,764.50
1338653,772439,1324033,34277,333,66,0,0,66.000,764.50
1338653,1167404,1113985,30136,292,66,0,0,66.000,764.50
1338653,231687,1003482,43804,291,66,0,0,66.000,764.50
1338653,316375,513028,10495,292,66,0,0,66.000,764.50
1338653,946969,745726,9931,292,66,0,0,66.000,764.50
1341701,471626,1130019,16698,792,66,0,0,66.000,734.40
1341701,380629,837932,22360,292,66,0,0,66.000,734.40
1341701,189563,934600,1021,291,66,0,0,66.000,734.40
1341701,780017,138709,55831,334,66,0,0,66.000,734.40
1341701,654216,1207490,4084,292,66,0,0,66.000,734.40
1341701,1216027,1290794,8492,333,66,0,0,66.000,734.40
1341701,1058815,1237017,45220,333,66,0,0,66.000,734.40
1341701,768276,318498,15449,334,66,0,0,66.000,734.40
1341701,882362,992027,41546,292,66,0,0,66.000,734.40
1341701,518381,160709,21648,291,66,0,0,66.000,734.40
1341701,1126591,933689,51910,333,66,0,0,66.000,734.40
1341701,900446,703497,119,292,66,0,0,66.000,734.40
1341701,1205965,1115821,14356,292,66,0,0,66.000,734.40
1341701,896281,387745,18555,291,66,0,0,66.000,734.40
1341701,1251768,776534,21201,375,66,0,0,66.000,734.40
1341701,892103,961619,17097,333,66,0,0,66.000,734.40
1341701,648682,670520,31555,333,66,0,0,66.000,734.40
1341701,490274,892897,23126,292,66,0,0,66.000,734.40
1341701,582146,1317014,25089,292,66,0,0,66.000,734.40
1341701,150081,106172,17748,292,66,0,0,66.000,734.40
1341841,1257533,278972,4955,334,66,0,0,66.000,124.75
1341841,568928,789769,1171,292,66,0,0,66.000,124.75
1341841,164111,1230782,511,291,66,0,0,66.000,124.75
1341841,407871,531475,4237,334,66,0,0,66.000,124.75
1341841,1218104,419114,552,333,66,0,0,66.000,124.75
1341841,57114,855251,1444,292,66,0,0,66.000,124.75
1341841,1002642,1153863,2198,291,66,0,0,66.000,124.75
1341841,20875,717502,11059,334,66,0,0,66.000,124.75
1341841,532274,33880,4475,333,66,0,0,66.000,124.75
1341841,464333,134810,9802,292,66,0,0,66.000,124.75
1341841,1011551,593215,47,375,66,0,0,66.000,124.75
1341841,132338,870335,6024,334,66,0,0,66.000,124.75
1341841,703464,234217,3406,292,66,0,0,66.000,124.75
1341841,820035,663039,1218,333,66,0,0,66.000,124.75
1341841,1020028,521798,589,750,66,0,0,66.000,124.75
1341841,1321948,344433,9,334,66,0,0,66.000,124.75
1341841,794655,477901,5576,292,66,0,0,66.000,124.75
1341841,703464,977483,10220,333,66,0,0,66.000,124.75
1341841,889266,964201,1671,333,66,0,0,66.000,124.75
1341841,1112575,609411,10083,333,66,0,0,66.000,124.75
1341863,1120476,841330,285,333,66,0,0,66.000,273.39
1341863,291563,1117462,5012,292,66,0,0,66.000,273.39
1341863,1118370,878622,11240,333,66,0,0,66.000,273.39
1341863,1084240,627519,6966,292,66,0,0,66.000,273.39
1341863,118613,760017,27802,291,66,0,0,66.000,273.39
1341863,454388,455916,1052,292,66,0,0,66.000,273.39
1341863,650225,1191052,8782,292,66,0,0,66.000,273.39
1341863,1116181,828369,30208,333,66,0,0,66.000,273.39
1341863,902666,1265643,1441,292,66,0,0,66.000,273.39
1341863,322291,263952,2417,333,66,0,0,66.000,273.39
1341863,381272,557817,3416,292,66,0,0,66.000,273.39
1341863,186022,976952,21695,292,66,0,0,66.000,273.39
1341863,555255,937600,5046,333,66,0,0,66.000,273.39
1341863,537670,1339729,3117,709,66,0,0,66.000,273.39
1341863,1018760,1158891,2748,292,66,0,0,66.000,273.39
1341863,1030053,1333603,1881,334,66,0,0,66.000,273.39
1341863,300146,822767,12154,708,66,0,0,66.000,273.39
1341863,295189,1037867,6923,334,66,0,0,66.000,273.39
1341863,467473,789044,6515,292,66,0,0,66.000,273.39
1341863,469124,128527,4467,291,66,0,0,66.000,273.39
1344829,187512,1104050,10477,291,66,0,0,66.000,245.41
1344829,892766,484647,4248,333,66,0,0,66.000,245.41
1344829,625162,632719,5777,333,66,0,0,66.000,245.41
1344829,448166,44378,19891,291,66,0,0,66.000,245.41
1344829,94203,286962,6268,334,66,0,0,66.000,245.41
1344829,244139,506248,24035,333,66,0,0,66.000,245.41
1344829,1266157,713904,8765,292,66,0,0,66.000,245.41
1344829,47032,1117376,1186,333,66,0,0,66.000,245.41
1344829,852726,754584,6784,333,66,0,0,66.000,245.41
1344829,685283,1166559,135,334,66,0,0,66.000,245.41
1344829,518159,1159511,1370,292,66,0,0,66.000,245.41
1344829,1133660,854711,17084,333,66,0,0,66.000,245.41
1344829,559833,12583,226,333,66,0,0,66.000,245.41
1344829,948609,1084836,3277,334,66,0,0,66.000,245.41
1344829,28919,107869,3825,334,66,0,0,66.000,245.41
1344829,846783,1331860,9843,333,66,0,0,66.000,245.41
1344829,712192,514004,3071,333,66,0,0,66.000,245.41
1344829,99427,1198292,5232,291,66,0,0,66.000,245.41
1344829,99345,327575,7868,333,66,0,0,66.000,245.41
1344829,114603,951838,11576,291,66,0,0,66.000,245.41
1350257,355170,6725,5348,333,66,0,0,66.000,157.13
1350257,1294595,631778,4838,708,66,0,0,66.000,157.13
1350257,1305016,248241,4690,292,66,0,0,66.000,157.13
1350257,601607,436545,4816,750,66,0,0,66.000,157.13
1350257,878078,231949,4126,292,66,0,0,66.000,157.13
1350257,1047799,1150258,1317,333,66,0,0,66.000,157.13
1350257,1132439,230408,302,292,66,0,0,66.000,157.13
1350257,204347,1305,770,334,66,0,0,66.000,157.13
1350257,56021,1061372,7362,292,66,0,0,66.000,157.13
1350257,231898,691290,501,292,66,0,0,66.000,157.13
1350257,518399,64544,685,333,66,0,0,66.000,157.13
1350257,1102407,1139805,5689,291,66,0,0,66.000,157.13
1350257,606079,269994,16062,292,66,0,0,66.000,157.13
1350257,1258725,557007,1289,292,66,0,0,66.000,157.13
1350257,365467,578482,8551,292,66,0,0,66.000,157.13
1350257,707834,438430,4348,333,66,0,0,66.000,157.13
1350257,526701,606802,10673,291,66,0,0,66.000,157.13
1350257,644980,1311001,12944,291,66,0,0,66.000,157.13
1350257,961614,690395,3207,333,66,0,0,66.000,157.13
1350257,699849,495272,940,291,66,0,0,66.000,157.13
1350911,1094352,1040019,13898,291,66,0,0,66.000,247.45
1350911,56223,227390,2122,291,66,0,0,66.000,247.45
1350911,798138,100270,3818,292,66,0,0,66.000,247.45
1350911,1170489,787888,4937,708,66,0,0,66.000,247.45
1350911,1133436,283405,19663,291,66,0,0,66.000,247.45
1350911,1017504,746123,20005,292,66,0,0,66.000,247.45
1350911,1240398,1269359,16978,334,66,0,0,66.000,247.45
1350911,931741,1308532,6931,292,66,0,0,66.000,247.45
1350911,49069,1037444,7252,334,66,0,0,66.000,247.45
1350911,74334,96791,1231,292,66,0,0,66.000,247.45
1350911,1024588,1278735,2422,291,66,0,0,66.000,247.45
1350911,1231658,117930,32087,333,66,0,0,66.000,247.45
1350911,1044945,553617,7876,292,66,0,0,66.000,247.45
1350911,512322,1291309,1604,333,66,0,0,66.000,247.45
1350911,1042270,1114469,934,333,66,0,0,66.000,247.45
1350911,1136800,49432,4138,292,66,0,0,66.000,247.45
1350911,777873,1340021,2346,333,66,0,0,66.000,247.45
1350911,369185,246721,200,292,66,0,0,66.000,247.45
1350911,383038,1025191,4603,333,66,0,0,66.000,247.45
1350911,33339,413455,2779,291,66,0,0,66.000,247.45
1352203,485524,1314235,9062,292,66,0,0,66.000,186.67
1352203,240159,726411,10770,291,66,0,0,66.000,186.67
1352203,1007812,986601,1585,292,66,0,0,66.000,186.67
1352203,310638,971230,10900,309,66,0,0,66.000,186.67
1352203,347102,651800,2564,333,66,0,0,66.000,186.67
1352203,224315,630552,646,334,66,0,0,66.000,186.67
1352203,893108,1084101,5224,333,66,0,0,66.000,186.67
1352203,123695,397682,30,309,66,0,0,66.000,186.67
1352203,1211991,137252,648,292,66,0,0,66.000,186.67
1352203,360599,112880,12387,291,66,0,0,66.000,186.67
1352203,234079,621908,1976,333,66,0,0,66.000,186.67
1352203,245646,844954,6608,334,66,0,0,66.000,186.67
1352203,588055,986138,5143,292,66,0,0,66.000,186.67
1352203,1140352,1295721,4025,292,66,0,0,66.000,186.67
1352203,709272,745133,611,334,66,0,0,66.000,186.67
1352203,1350772,215933,11913,292,66,0,0,66.000,186.67
1352203,42110,1305870,7378,333,66,0,0,66.000,186.67
1352203,85914,587022,2855,292,66,0,0,66.000,186.67
1352203,252415,597858,20382,333,66,0,0,66.000,186.67
1352203,983010,78766,2124,750,66,0,0,66.000,186.67
1355983,425912,1353999,9409,334,66,0,0,66.000,221.42
1355983,185085,674012,11501,292,66,0,0,66.000,221.42
1355983,1140492,1289031,4955,292,66,0,0,66.000,221.42
1355983,1166820,662696,1745,333,66,0,0,66.000,221.42
1355983,406784,311315,4765,334,66,0,0,66.000,221.42
1355983,1047116,959335,626,750,66,0,0,66.000,221.42
1355983,617342,240809,9863,709,66,0,0,66.000,221.42
1355983,1175488,549469,2207,292,66,0,0,66.000,221.42
1355983,82068,510739,539,292,66,0,0,66.000,221.42
1355983,1091195,406506,5957,292,66,0,0,66.000,221.42
1355983,624133,439664,4741,709,66,0,0,66.000,221.42
1355983,920675,28302,9594,292,66,0,0,66.000,221.42
1355983,708948,299403,10766,291,66,0,0,66.000,221.42
1355983,584307,564367,2712,310,66,0,0,66.000,221.42
1355983,720274,1322353,5754,334,66,0,0,66.000,221.42
1355983,488566,530560,7904,292,66,0,0,66.000,221.42
1355983,1345932,544219,10391,333,66,0,0,66.000,221.42
1355983,1330378,271721,11612,292,66,0,0,66.000,221.42
1355983,500670,1097697,21310,292,66,0,0,66.000,221.42
1355983,815062,237277,2044,333,66,0,0,66.000,221.42
1361593,166876,648542,28185,292,66,0,0,66.000,284.10
1361593,64531,1287525,3751,333,66,0,0,66.000,284.10
1361593,488815,518915,3350,291,66,0,0,66.000,284.10
1361593,865781,146711,24287,334,66,0,0,66.000,284.10
1361593,968137,415199,4538,292,66,0,0,66.000,284.10
1361593,380559,783610,14047,334,66,0,0,66.000,284.10
1361593,219564,985532,6366,333,66,0,0,66.000,284.10
1361593,1021567,1294628,15412,292,66,0,0,66.000,284.10
1361593,794066,988765,23539,333,66,0,0,66.000,284.10
1361593,119533,599007,8414,292,66,0,0,66.000,284.10
1361593,1264811,541604,27,291,66,0,0,66.000,284.10
1361593,1314664,1206384,131,333,66,0,0,66.000,284.10
1361593,443463,726309,2314,333,66,0,0,66.000,284.10
1361593,100413,912624,1886,334,66,0,0,66.000,284.10
1361593,104097,536611,17184,292,66,0,0,66.000,284.10
1361593,303380,936664,10903,292,66,0,0,66.000,284.10
1361593,570728,740829,5139,291,66,0,0,66.000,284.10
1361593,1229237,672287,4668,333,66,0,0,66.000,284.10
1361593,827294,1078249,6,308,66,0,0,66.000,284.10
1361593,156996,1026945,4514,291,66,0,0,66.000,284.10
1364323,842811,764570,2149,333,66,0,0,66.000,155.17
1364323,913851,1179581,1794,333,66,0,0,66.000,155.17
1364323,1203203,1071144,3166,333,66,0,0,66.000,155.17
1364323,307239,835781,2718,291,66,0,0,66.000,155.17
1364323,447154,183261,122,291,66,0,0,66.000,155.17
1364323,1216618,598659,15142,334,66,0,0,66.000,155.17
1364323,922094,172518,9849,291,66,0,0,66.000,155.17
1364323,540095,873275,4357,292,66,0,0,66.000,155.17
1364323,677691,475461,12956,292,66,0,0,66.000,155.17
1364323,698920,1044999,7406,292,66,0,0,66.000,155.17
1364323,483464,857544,9758,291,66,0,0,66.000,155.17
1364323,911428,1002057,4560,291,66,0,0,66.000,155.17
1364323,230872,1226865,7008,292,66,0,0,66.000,155.17
1364323,823848,841151,1300,291,66,0,0,66.000,155.17
1364323,187449,1246248,1947,292,66,0,0,66.000,155.17
1364323,1069061,972048,1377,750,66,0,0,66.000,155.17
1364323,155060,1010270,200,291,66,0,0,66.000,155.17
1364323,57403,1143848,985,292,66,0,0,66.000,155.17
1364323,1211865,651568,2148,334,66,0,0,66.000,155.17
1364323,376186,576175,9564,334,66,0,0,66.000,155.17
1366031,474214,262405,3948,292,66,0,0,66.000,248.22
1366031,273357,405637,5718,291,66,0,0,66.000,248.22
1366031,1305898,426903,6953,291,66,0,0,66.000,248.22
1366031,863435,673981,2447,333,66,0,0,66.000,248.22
1366031,729090,169956,13349,333,66,0,0,66.000,248.22
1366031,685185,144609,2620,292,66,0,0,66.000,248.22
1366031,194569,940324,144,291,66,0,0,66.000,248.22
1366031,128089,1100818,22216,333,66,0,0,66.000,248.22
1366031,1194830,166935,20,750,66,0,0,66.000,248.22
1366031,1209233,764681,25305,333,66,0,0,66.000,248.22
1366031,543549,1045327,7951,333,66,0,0,66.000,248.22
1366031,1325927,605686,1184,334,66,0,0,66.000,248.22
1366031,1325927,269678,15879,333,66,0,0,66.000,248.22
1366031,1142093,986156,1823,750,66,0,0,66.000,248.22
1366031,920969,515996,20570,292,66,0,0,66.000,248.22
1366031,653407,1304255,2705,292,66,0,0,66.000,248.22
1366031,936109,29872,12384,708,66,0,0,66.000,248.22
1366031,33944,236191,5784,292,66,0,0,66.000,248.22
1366031,631255,1111647,2081,292,66,0,0,66.000,248.22
1366031,32515,609238,2494,333,66,0,0,66.000,248.22
1366543,897046,1230871,4382,333,66,0,0,66.000,468.67
1366543,724608,1086542,5203,334,66,0,0,66.000,468.67
1366543,950762,925083,26793,291,66,0,0,66.000,468.67
1366543,1112883,1193500,1100,291,66,0,0,66.000,468.67
1366543,441167,307429,989,333,66,0,0,66.000,468.67
1366543,187844,926079,47622,292,66,0,0,66.000,468.67
1366543,785922,614560,3945,292,66,0,0,66.000,468.67
1366543,995514,124672,10744,333,66,0,0,66.000,468.67
1366543,585959,996456,6548,292,66,0,0,66.000,468.67
1366543,844990,949765,40491,334,66,0,0,66.000,468.67
1366543,196272,43472,3723,291,66,0,0,66.000,468.67
1366543,1063420,798831,1510,291,66,0,0,66.000,468.67
1366543,698668,295544,16558,334,66,0,0,66.000,468.67
1366543,787659,1187980,22539,291,66,0,0,66.000,468.67
1366543,1014922,733158,23968,334,66,0,0,66.000,468.67
1366543,736090,1291543,127,292,66,0,0,66.000,468.67
1366543,131492,613832,3832,333,66,0,0,66.000,468.67
1366543,15320,694773,3116,291,66,0,0,66.000,468.67
1366543,1202404,116882,33563,333,66,0,0,66.000,468.67
1366543,433849,25132,4783,292,66,0,0,66.000,468.67
1369733,406586,837720,13836,292,66,0,0,66.000,734.72
1369733,308419,1176519,32176,292,66,0,0,66.000,734.72
1369733,210975,837572,48315,750,66,0,0,66.000,734.72
1369733,1295558,1173670,81045,708,66,0,0,66.000,734.72
1369733,970779,455566,7108,292,66,0,0,66.000,734.72
1369733,319570,1307296,18029,333,66,0,0,66.000,734.72
1369733,996343,501236,6600,268,66,0,0,66.000,734.72
1369733,43553,254604,3871,334,66,0,0,66.000,734.72
1369733,501762,49595,26695,333,66,0,0,66.000,734.72
1369733,1251129,13176,4277,292,66,0,0,66.000,734.72
1369733,696336,1215206,31545,334,66,0,0,66.000,734.72
1369733,785168,552918,23290,292,66,0,0,66.000,734.72
1369733,185359,1174711,20411,333,66,0,0,66.000,734.72
1369733,150304,578130,3620,292,66,0,0,66.000,734.72
1369733,706740,286931,12046,334,66,0,0,66.000,734.72
1369733,865919,912689,18067,292,66,0,0,66.000,734.72
1369733,788387,966253,7878,333,66,0,0,66.000,734.72
1369733,1131505,806629,2338,334,66,0,0,66.000,734.72
1369733,605039,115778,40533,333,66,0,0,66.000,734.72
1369733,263770,1278194,7676,291,66,0,0,66.000,734.72
1370459,40343,842792,76,334,66,0,0,66.000,338.61
1370459,273489,718908,5535,292,66,0,0,66.000,338.61
1370459,814818,740068,1381,333,66,0,0,66.000,338.61
1370459,1008265,314124,4923,292,66,0,0,66.000,338.61
1370459,825477,27604,10336,333,66,0,0,66.000,338.61
1370459,935247,217731,1798,292,66,0,0,66.000,338.61
1370459,189748,1045206,22867,292,66,0,0,66.000,338.61
1370459,967816,950111,4857,334,66,0,0,66.000,338.61
1370459,1321029,462449,15041,333,66,0,0,66.000,338.61
1370459,1341976,1142475,10904,292,66,0,0,66.000,338.61
1370459,1107023,148228,36005,292,66,0,0,66.000,338.61
1370459,252494,273229,2050,292,66,0,0,66.000,338.61
1370459,850682,435471,9917,291,66,0,0,66.000,338.61
1370459,630169,300001,16876,333,66,0,0,66.000,338.61
1370459,107003,31022,6134,292,66,0,0,66.000,338.61
1370459,642617,556455,26145,333,66,0,0,66.000,338.61
1370459,1275569,1057581,9811,333,66,0,0,66.000,338.61
1370459,406136,1056247,8252,292,66,0,0,66.000,338.61
1370459,11768,1310354,15579,291,66,0,0,66.000,338.61
1370459,976189,496189,3521,750,66,0,0,66.000,338.61
1371031,1179710,332364,36842,291,66,0,0,66.000,430.98
1371031,95698,673271,16629,292,66,0,0,66.000,430.98
1371031,557239,893592,2199,292,66,0,0,66.000,430.98
1371031,518737,36112,9850,334,66,0,0,66.000,430.98
1371031,1109073,397466,17634,292,66,0,0,66.000,430.98
1371031,219312,881829,16071,333,66,0,0,66.000,430.98
1371031,20905,1095918,8635,292,66,0,0,66.000,430.98
1371031,238671,835790,20959,292,66,0,0,66.000,430.98
1371031,1277226,143186,12041,334,66,0,0,66.000,430.98
1371031,1140202,1313668,11607,292,66,0,0,66.000,430.98
1371031,1274848,787667,6552,333,66,0,0,66.000,430.98
1371031,702360,921603,751,334,66,0,0,66.000,430.98
1371031,1137900,1026300,4502,334,66,0,0,66.000,430.98
1371031,68915,399791,46893,333,66,0,0,66.000,430.98
1371031,637582,635478,2376,333,66,0,0,66.000,430.98
1371031,775731,953078,16657,292,66,0,0,66.000,430.98
1371031,1264309,902183,771,334,66,0,0,66.000,430.98
1371031,904427,860290,15075,292,66,0,0,66.000,430.98
1371031,1062887,1174141,13328,292,66,0,0,66.000,430.98
1371031,1166804,922053,5495,291,66,0,0,66.000,430.98
1374953,610448,1329520,2845,334,66,0,0,66.000,92.81
1374953,1171090,149580,646,333,66,0,0,66.000,92.81
1374953,507771,1040893,1764,334,66,0,0,66.000,92.81
1374953,761768,1035815,1227,333,66,0,0,66.000,92.81
1374953,444760,289675,3252,291,66,0,0,66.000,92.81
1374953,300690,1138377,3653,292,66,0,0,66.000,92.81
1374953,629972,153558,1783,292,66,0,0,66.000,92.81
1374953,1359879,863031,4302,292,66,0,0,66.000,92.81
1374953,471218,514239,2687,334,66,0,0,66.000,92.81
1374953,990600,767383,343,292,66,0,0,66.000,92.81
1374953,555101,140698,2649,334,66,0,0,66.000,92.81
1374953,1269168,485206,2802,292,66,0,0,66.000,92.81
1374953,1172512,916288,3491,726,66,0,0,66.000,92.81
1374953,118047,1132480,424,292,66,0,0,66.000,92.81
1374953,1265706,840510,2041,292,66,0,0,66.000,92.81
1374953,857398,63388,1091,333,66,0,0,66.000,92.81
1374953,1070387,282258,7054,333,66,0,0,66.000,92.81
1374953,107145,820380,513,333,66,0,0,66.000,92.81
1374953,368156,448812,11829,291,66,0,0,66.000,92.81
1374953,99562,123379,1778,291,66,0,0,66.000,92.81
1376009,437709,394023,4123,292,66,0,0,66.000,93.95
1376009,1302518,828335,4658,333,66,0,0,66.000,93.95
1376009,964164,1211656,1930,292,66,0,0,66.000,93.95
1376009,328827,722046,8445,291,66,0,0,66.000,93.95
1376009,803210,133698,777,292,66,0,0,66.000,93.95
1376009,1269460,1085798,3015,291,66,0,0,66.000,93.95
1376009,226959,1281742,871,333,66,0,0,66.000,93.95
1376009,1100488,553123,2298,292,66,0,0,66.000,93.95
1376009,474913,294472,2627,292,66,0,0,66.000,93.95
1376009,60955,1209707,3231,291,66,0,0,66.000,93.95
1376009,1169838,1171467,1606,291,66,0,0,66.000,93.95
1376009,1034551,533027,1078,333,66,0,0,66.000,93.95
1376009,407998,39509,1042,333,66,0,0,66.000,93.95
1376009,386015,137275,4612,334,66,0,0,66.000,93.95
1376009,208549,179143,358,291,66,0,0,66.000,93.95
1376009,603751,196589,600,333,66,0,0,66.000,93.95
1376009,200993,99369,2113,291,66,0,0,66.000,93.95
1376009,1149955,186593,723,709,66,0,0,66.000,93.95
1376009,410983,1365513,2258,292,66,0,0,66.000,93.95
1376009,549215,311869,10085,292,66,0,0,66.000,93.95
1376449,992376,1070101,314,333,66,0,0,66.000,76.89
1376449,717813,49213,1361,292,66,0,0,66.000,76.89
1376449,684748,1167518,1433,333,66,0,0,66.000,76.89
1376449,241410,356659,868,833,66,0,0,66.000,76.89
1376449,433926,1364163,5688,292,66,0,0,66.000,76.89
1376449,108043,193304,1267,291,66,0,0,66.000,76.89
1376449,71785,70251,1287,292,66,0,0,66.000,76.89
1376449,371841,112985,2037,333,66,0,0,66.000,76.89
1376449,1125805,430225,2045,333,66,0,0,66.000,76.89
1376449,213900,1052292,2861,292,66,0,0,66.000,76.89
1376449,763196,433065,2485,292,66,0,0,66.000,76.89
1376449,1206935,566368,1393,709,66,0,0,66.000,76.89
1376449,103293,541399,858,333,66,0,0,66.000,76.89
1376449,211020,1364846,2478,726,66,0,0,66.000,76.89
1376449,425562,378291,1821,291,66,0,0,66.000,76.89
1376449,1312106,443196,378,292,66,0,0,66.000,76.89
1376449,362193,956723,2336,292,66,0,0,66.000,76.89
1376449,899746,520153,2560,334,66,0,0,66.000,76.89
1376449,791694,392229,3048,334,66,0,0,66.000,76.89
1376449,289078,585989,7709,291,66,0,0,66.000,76.89
1379291,788215,884475,2062,292,66,0,0,66.000,313.47
1379291,91444,894508,10100,292,66,0,0,66.000,313.47
1379291,522264,530403,23,334,66,0,0,66.000,313.47
1379291,379663,300889,5431,292,66,0,0,66.000,313.47
1379291,746918,1257556,13947,292,66,0,0,66.000,313.47
1379291,542306,743976,4916,292,66,0,0,66.000,313.47
1379291,114472,277487,2035,333,66,0,0,66.000,313.47
1379291,816407,631120,13880,292,66,0,0,66.000,313.47
1379291,1074254,584392,1650,334,66,0,0,66.000,313.47
1379291,463802,557960,17728,334,66,0,0,66.000,313.47
1379291,1018368,171948,7113,333,66,0,0,66.000,313.47
1379291,247307,1261427,2582,333,66,0,0,66.000,313.47
1379291,765308,490033,13032,292,66,0,0,66.000,313.47
1379291,593349,743772,3210,333,66,0,0,66.000,313.47
1379291,110052,249336,7273,291,66,0,0,66.000,313.47
1379291,722883,539316,27034,292,66,0,0,66.000,313.47
1379291,1335024,697944,2489,333,66,0,0,66.000,313.47
1379291,1077712,1338094,4219,292,66,0,0,66.000,313.47
1379291,201587,183885,34891,334,66,0,0,66.000,313.47
1379291,637038,352585,16369,292,66,0,0,66.000,313.47
1387961,1251090,1141837,1833,292,66,0,0,66.000,297.49
1387961,1286573,1194432,2663,334,66,0,0,66.000,297.49
1387961,632174,391304,7598,292,66,0,0,66.000,297.49
1387961,33086,1192453,3283,292,66,0,0,66.000,297.49
1387961,728018,1308403,1578,333,66,0,0,66.000,297.49
1387961,458032,886661,14748,292,66,0,0,66.000,297.49
1387961,596955,202377,1401,292,66,0,0,66.000,297.49
1387961,1277205,148726,7421,334,66,0,0,66.000,297.49
1387961,685862,991632,19789,292,66,0,0,66.000,297.49
1387961,1014504,737349,1664,333,66,0,0,66.000,297.49
1387961,113642,57581,8380,333,66,0,0,66.000,297.49
1387961,228858,1384571,7764,292,66,0,0,66.000,297.49
1387961,1362914,76247,4989,291,66,0,0,66.000,297.49
1387961,87267,797006,24281,292,66,0,0,66.000,297.49
1387961,843281,532258,18612,333,66,0,0,66.000,297.49
1387961,951974,323359,2865,291,66,0,0,66.000,297.49
1387961,249773,1015288,17790,333,66,0,0,66.000,297.49
1387961,557259,1065494,13663,292,66,0,0,66.000,297.49
1387961,852729,712100,3605,292,66,0,0,66.000,297.49
1387961,568360,527648,23899,334,66,0,0,66.000,297.49
1388381,572416,1051083,5657,292,66,0,0,66.000,361.49
1388381,262247,507222,10113,292,66,0,0,66.000,361.49
1388381,1381751,791604,5766,292,66,0,0,66.000,361.49
1388381,1273555,116814,3342,291,66,0,0,66.000,361.49
1388381,834714,239695,26827,334,66,0,0,66.000,361.49
1388381,470321,587792,11239,291,66,0,0,66.000,361.49
1388381,1219761,1343765,14700,708,66,0,0,66.000,361.49
1388381,159702,651013,1804,292,66,0,0,66.000,361.49
1388381,118219,1078150,17052,292,66,0,0,66.000,361.49
1388381,520616,1205,16315,750,66,0,0,66.000,361.49
1388381,40675,933133,7792,709,66,0,0,66.000,361.49
1388381,1222130,1229192,13633,333,66,0,0,66.000,361.49
1388381,336857,382843,12809,292,66,0,0,66.000,361.49
1388381,1154273,1188826,13215,292,66,0,0,66.000,361.49
1388381,119731,617600,3522,292,66,0,0,66.000,361.49
1388381,880469,752227,14864,291,66,0,0,66.000,361.49
1388381,425492,1361316,4787,334,66,0,0,66.000,361.49
1388381,263412,1273357,467,292,66,0,0,66.000,361.49
1388381,601088,414315,41072,292,66,0,0,66.000,361.49
1388381,1016923,733875,1389,292,66,0,0,66.000,361.49
1388887,52842,1380437,3186,292,66,0,0,66.000,325.95
1388887,31054,1065452,3147,333,66,0,0,66.000,325.95
1388887,1095563,426877,19509,292,66,0,0,66.000,325.95
1388887,375934,821630,17423,333,66,0,0,66.000,325.95
1388887,37732,791414,1125,333,66,0,0,66.000,325.95
1388887,545984,494884,1232,792,66,0,0,66.000,325.95
1388887,644147,311375,2458,334,66,0,0,66.000,325.95
1388887,312118,902944,3037,292,66,0,0,66.000,325.95
1388887,1163255,868709,1381,333,66,0,0,66.000,325.95
1388887,49486,743346,40637,333,66,0,0,66.000,325.95
1388887,1133136,1287492,631,334,66,0,0,66.000,325.95
1388887,844723,223930,17460,292,66,0,0,66.000,325.95
1388887,879668,665936,32888,292,66,0,0,66.000,325.95
1388887,741959,767696,7793,333,66,0,0,66.000,325.95
1388887,171884,172406,12492,291,66,0,0,66.000,325.95
1388887,44336,394767,10127,291,66,0,0,66.000,325.95
1388887,306686,649447,1531,334,66,0,0,66.000,325.95
1388887,717357,204445,7459,309,66,0,0,66.000,325.95
1388887,1336720,978736,13741,291,66,0,0,66.000,325.95
1388887,676273,910805,8666,333,66,0,0,66.000,325.95
1395551,831130,638534,14168,333,66,0,0,66.000,408.02
1395551,575339,462406,5475,334,66,0,0,66.000,408.02
1395551,669528,516662,5197,292,66,0,0,66.000,408.02
1395551,1071082,326591,8802,333,66,0,0,66.000,408.02
1395551,1035846,477639,724,292,66,0,0,66.000,408.02
1395551,1300868,1013654,46897,292,66,0,0,66.000,408.02
1395551,25463,1131527,5912,333,66,0,0,66.000,408.02
1395551,974742,57962,201,292,66,0,0,66.000,408.02
1395551,559516,755084,11115,333,66,0,0,66.000,408.02
1395551,311839,605686,48071,292,66,0,0,66.000,408.02
1395551,456559,252232,15082,333,66,0,0,66.000,408.02
1395551,750052,504938,8888,292,66,0,0,66.000,408.02
1395551,234405,239695,9361,334,66,0,0,66.000,408.02
1395551,938445,640884,33056,333,66,0,0,66.000,408.02
1395551,1369692,78818,12819,333,66,0,0,66.000,408.02
1395551,481015,869024,14092,292,66,0,0,66.000,408.02
1395551,666687,87673,5141,708,66,0,0,66.000,408.02
1395551,444316,322800,3243,292,66,0,0,66.000,408.02
1395551,584582,1364288,5566,291,66,0,0,66.000,408.02
1395551,64911,454670,4016,291,66,0,0,66.000,408.02
1396427,675430,870013,2319,291,66,0,0,66.000,243.06
1396427,997418,125203,2652,292,66,0,0,66.000,243.06
1396427,974087,867653,15638,292,66,0,0,66.000,243.06
1396427,20906,51460,13389,333,66,0,0,66.000,243.06
1396427,529813,154505,8567,291,66,0,0,66.000,243.06
1396427,720997,220928,1738,333,66,0,0,66.000,243.06
1396427,1137838,1147017,3018,292,66,0,0,66.000,243.06
1396427,1102921,41994,1527,333,66,0,0,66.000,243.06
1396427,1387531,843821,9424,333,66,0,0,66.000,243.06
1396427,48190,40846,3446,333,66,0,0,66.000,243.06
1396427,820167,517470,4297,291,66,0,0,66.000,243.06
1396427,531398,1152283,930,291,66,0,0,66.000,243.06
1396427,1151465,251166,13962,333,66,0,0,66.000,243.06
1396427,346213,129878,17441,292,66,0,0,66.000,243.06
1396427,1077520,842354,29468,333,66,0,0,66.000,243.06
1396427,143249,902710,64,292,66,0,0,66.000,243.06
1396427,693958,599901,3970,292,66,0,0,66.000,243.06
1396427,1251730,476200,1620,292,66,0,0,66.000,243.06
1396427,117988,1056413,4792,333,66,0,0,66.000,243.06
1396427,672305,120957,13829,291,66,0,0,66.000,243.06
1396547,890259,1191177,17099,291,66,0,0,66.000,265.86
1396547,517709,385568,6445,292,66,0,0,66.000,265.86
1396547,1090067,98207,8096,708,66,0,0,66.000,265.86
1396547,355058,621484,9237,333,66,0,0,66.000,265.86
1396547,739600,883222,10879,334,66,0,0,66.000,265.86
1396547,960333,239952,2599,708,66,0,0,66.000,265.86
1396547,1384992,949376,10413,292,66,0,0,66.000,265.86
1396547,282133,739149,5439,334,66,0,0,66.000,265.86
1396547,471603,163009,6758,291,66,0,0,66.000,265.86
1396547,817665,977968,12034,292,66,0,0,66.000,265.86
1396547,531398,872985,3636,292,66,0,0,66.000,265.86
1396547,198871,65769,13449,292,66,0,0,66.000,265.86
1396547,792995,804090,27467,334,66,0,0,66.000,265.86
1396547,655263,300161,7892,292,66,0,0,66.000,265.86
1396547,1200509,403486,6695,334,66,0,0,66.000,265.86
1396547,1141276,1292350,4492,333,66,0,0,66.000,265.86
1396547,1187001,477769,1094,292,66,0,0,66.000,265.86
1396547,907649,1392376,2460,333,66,0,0,66.000,265.86
1396547,994260,1051179,633,709,66,0,0,66.000,265.86
1396547,133770,1158645,4750,708,66,0,0,66.000,265.86
1398127,81600,377928,1447,292,66,0,0,66.000,609.33
1398127,1191396,975850,18311,750,66,0,0,66.000,609.33
1398127,970068,53405,34075,291,66,0,0,66.000,609.33
1398127,1283107,85112,2316,291,66,0,0,66.000,609.33
1398127,214893,1277939,48294,291,66,0,0,66.000,609.33
1398127,366351,1081277,8611,334,66,0,0,66.000,609.33
1398127,1015635,398734,37895,334,66,0,0,66.000,609.33
1398127,1382747,1118371,12087,291,66,0,0,66.000,609.33
1398127,579120,992145,21146,334,66,0,0,66.000,609.33
1398127,214257,793724,68544,291,66,0,0,66.000,609.33
1398127,810111,666671,12029,292,66,0,0,66.000,609.33
1398127,1370427,137386,14447,291,66,0,0,66.000,609.33
1398127,1356355,559999,22605,291,66,0,0,66.000,609.33
1398127,1110596,509246,2905,292,66,0,0,66.000,609.33
1398127,717106,189113,3276,334,66,0,0,66.000,609.33
1398127,1153799,596848,4553,333,66,0,0,66.000,609.33
1398127,652623,568144,18122,292,66,0,0,66.000,609.33
1398127,695801,5961,30088,291,66,0,0,66.000,609.33
1398127,1035446,97351,1438,333,66,0,0,66.000,609.33
1398127,812174,637413,4932,333,66,0,0,66.000,609.33
1398619,693213,817253,1811,292,66,0,0,66.000,215.91
1398619,962635,590298,948,334,66,0,0,66.000,215.91
1398619,37720,740977,7246,292,66,0,0,66.000,215.91
1398619,147024,805966,4622,334,66,0,0,66.000,215.91
1398619,167792,1197338,7444,291,66,0,0,66.000,215.91
1398619,687889,315540,7321,291,66,0,0,66.000,215.91
1398619,582670,663396,7846,292,66,0,0,66.000,215.91
1398619,551395,1309238,12218,708,66,0,0,66.000,215.91
1398619,1227065,606271,4953,291,66,0,0,66.000,215.91
1398619,799385,1116962,913,333,66,0,0,66.000,215.91
1398619,606058,531042,8460,291,66,0,0,66.000,215.91
1398619,1325550,703302,9058,333,66,0,0,66.000,215.91
1398619,878475,1198486,1850,292,66,0,0,66.000,215.91
1398619,581786,969281,4997,750,66,0,0,66.000,215.91
1398619,985346,547518,18887,292,66,0,0,66.000,215.91
1398619,1304642,1377577,8899,291,66,0,0,66.000,215.91
1398619,1389454,1099535,8035,333,66,0,0,66.000,215.91
1398619,1246393,405514,7808,292,66,0,0,66.000,215.91
1398619,330059,1209601,10729,292,66,0,0,66.000,215.91
1398619,21797,495711,648,291,66,0,0,66.000,215.91
1399609,754634,393476,5474,334,66,0,0,66.000,222.79
1399609,865292,880381,670,333,66,0,0,66.000,222.79
1399609,504302,1339457,1287,267,66,0,0,66.000,222.79
1399609,1010307,233134,13132,292,66,0,0,66.000,222.79
1399609,196372,510931,75,684,66,0,0,66.000,222.79
1399609,1355864,1246800,1013,333,66,0,0,66.000,222.79
1399609,1001985,118649,8671,291,66,0,0,66.000,222.79
1399609,756758,1046623,11193,708,66,0,0,66.000,222.79
1399609,381752,1381241,2330,333,66,0,0,66.000,222.79
1399609,816693,739631,6091,292,66,0,0,66.000,222.79
1399609,428718,1028429,4559,333,66,0,0,66.000,222.79
1399609,874864,545287,7134,292,66,0,0,66.000,222.79
1399609,448608,28836,13887,333,66,0,0,66.000,222.79
1399609,537284,783264,4561,291,66,0,0,66.000,222.79
1399609,632279,730280,4223,708,66,0,0,66.000,222.79
1399609,427742,372005,19945,292,66,0,0,66.000,222.79
1399609,634337,638198,11645,291,66,0,0,66.000,222.79
1399609,208438,507449,7825,333,66,0,0,66.000,222.79
1399609,368017,344967,441,333,66,0,0,66.000,222.79
1399609,1263376,595199,3464,292,66,0,0,66.000,222.79
1403641,1083234,44243,20062,333,66,0,0,66.000,748.12
1403641,386663,444312,38855,334,66,0,0,66.000,748.12
1403641,969265,257888,40193,333,66,0,0,66.000,748.12
1403641,47926,961143,22078,292,66,0,0,66.000,748.12
1403641,225924,1175799,3882,291,66,0,0,66.000,748.12
1403641,525783,880386,28101,292,66,0,0,66.000,748.12
1403641,1228968,1140252,4437,292,66,0,0,66.000,748.12
1403641,407436,1385923,6852,292,66,0,0,66.000,748.12
1403641,1202176,1291637,16905,291,66,0,0,66.000,748.12
1403641,1159916,815093,16760,292,66,0,0,66.000,748.12
1403641,306746,643488,108001,333,66,0,0,66.000,748.12
1403641,799531,439306,176,292,66,0,0,66.000,748.12
1403641,37712,875895,12002,334,66,0,0,66.000,748.12
1403641,510846,454395,3655,333,66,0,0,66.000,748.12
1403641,648864,508230,28705,291,66,0,0,66.000,748.12
1403641,965278,1280226,9255,333,66,0,0,66.000,748.12
1403641,556202,496961,24682,334,66,0,0,66.000,748.12
1403641,1221222,1115800,39396,291,66,0,0,66.000,748.12
1403641,231708,1087180,1320,333,66,0,0,66.000,748.12
1403641,4237,952983,44993,333,66,0,0,66.000,748.12
1405363,1234974,551175,7804,21517,66,0,0,66.000,159.08
1405363,259334,118138,3852,292,66,0,0,66.000,159.08
1405363,961707,354804,12249,333,66,0,0,66.000,159.08
1405363,642382,1070910,2320,292,66,0,0,66.000,159.08
1405363,117673,1134765,760,292,66,0,0,66.000,159.08
1405363,1226650,347418,1083,375,66,0,0,66.000,159.08
1405363,323375,44754,11524,292,66,0,0,66.000,159.08
1405363,1376047,1140461,1538,291,66,0,0,66.000,159.08
1405363,990547,1125480,1613,333,66,0,0,66.000,159.08
1405363,56686,329632,10387,334,66,0,0,66.000,159.08
1405363,209535,1394296,3976,334,66,0,0,66.000,159.08
1405363,164212,857847,2643,708,66,0,0,66.000,159.08
1405363,1253163,1368447,10279,333,66,0,0,66.000,159.08
1405363,486851,978557,5259,709,66,0,0,66.000,159.08
1405363,550874,888449,290,334,66,0,0,66.000,159.08
1405363,1127467,1069484,1566,292,66,0,0,66.000,159.08
1405363,450485,906539,6467,333,66,0,0,66.000,159.08
1405363,102945,44963,1700,750,66,0,0,66.000,159.08
1405363,987109,28471,7027,708,66,0,0,66.000,159.08
1405363,433801,933786,7559,333,66,0,0,66.000,159.08
1407247,429141,797911,19100,458,66,0,0,66.000,484.07
1407247,1355385,418862,22376,333,66,0,0,66.000,484.07
1407247,1391577,1183109,17192,291,66,0,0,66.000,484.07
1407247,1116544,471571,1510,333,66,0,0,66.000,484.07
1407247,1387943,1238370,17172,333,66,0,0,66.000,484.07
1407247,1001381,1020374,26266,308,66,0,0,66.000,484.07
1407247,1198185,575913,5294,333,66,0,0,66.000,484.07
1407247,901809,457080,10758,333,66,0,0,66.000,484.07
1407247,219486,763043,6160,333,66,0,0,66.000,484.07
1407247,1364517,317947,21052,709,66,0,0,66.000,484.07
1407247,888369,1310343,44079,292,66,0,0,66.000,484.07
1407247,610836,531543,50411,333,66,0,0,66.000,484.07
1407247,724747,1389969,9878,333,66,0,0,66.000,484.07
1407247,1070365,463491,3447,292,66,0,0,66.000,484.07
1407247,871660,747684,20211,291,66,0,0,66.000,484.07
1407247,1087569,678289,1123,333,66,0,0,66.000,484.07
1407247,1358599,1372528,8019,333,66,0,0,66.000,484.07
1407247,150694,813832,10116,292,66,0,0,66.000,484.07
1407247,63299,1159592,808,292,66,0,0,66.000,484.07
1407247,638924,519847,5124,292,66,0,0,66.000,484.07
1407667,948889,1300905,2880,708,66,0,0,66.000,592.96
1407667,901471,375201,63315,292,66,0,0,66.000,592.96
1407667,861918,950162,17746,333,66,0,0,66.000,592.96
1407667,317271,367371,14012,292,66,0,0,66.000,592.96
1407667,981161,1294783,519,292,66,0,0,66.000,592.96
1407667,1083734,714461,41628,333,66,0,0,66.000,592.96
1407667,593985,46687,12951,292,66,0,0,66.000,592.96
1407667,468026,540960,31115,292,66,0,0,66.000,592.96
1407667,830788,633220,848,333,66,0,0,66.000,592.96
1407667,542373,1209112,2720,334,66,0,0,66.000,592.96
1407667,674174,652008,43145,291,66,0,0,66.000,592.96
1407667,958030,113652,36246,292,66,0,0,66.000,592.96
1407667,267411,202003,2215,292,66,0,0,66.000,592.96
1407667,1245977,1141299,2285,708,66,0,0,66.000,592.96
1407667,389551,2811,1179,708,66,0,0,66.000,592.96
1407667,670056,1154165,8063,291,66,0,0,66.000,592.96
1407667,1115552,715356,26293,333,66,0,0,66.000,592.96
1407667,1360340,1205643,46406,291,66,0,0,66.000,592.96
1407667,62219,1189700,310,333,66,0,0,66.000,592.96
1407667,180184,1380165,12500,334,66,0,0,66.000,592.96
1408601,289917,1281680,10864,334,66,0,0,66.000,257.14
1408601,1169280,835576,1858,292,66,0,0,66.000,257.14
1408601,389221,1108431,7085,333,66,0,0,66.000,257.14
1408601,140171,959697,14671,333,66,0,0,66.000,257.14
1408601,1235466,950574,6080,292,66,0,0,66.000,257.14
1408601,830565,600294,19911,292,66,0,0,66.000,257.14
1408601,505753,178873,6804,708,66,0,0,66.000,257.14
1408601,1324008,100727,12369,334,66,0,0,66.000,257.14
1408601,155784,1371869,1829,333,66,0,0,66.000,257.14
1408601,172017,381300,12984,291,66,0,0,66.000,257.14
1408601,1384869,219313,4722,333,66,0,0,66.000,257.14
1408601,1203248,284893,1181,333,66,0,0,66.000,257.14
1408601,984236,1301591,2699,292,66,0,0,66.000,257.14
1408601,167821,201556,1131,333,66,0,0,66.000,257.14
1408601,803312,136049,4740,333,66,0,0,66.000,257.14
1408601,1306845,222763,6012,291,66,0,0,66.000,257.14
1408601,567854,400975,13220,708,66,0,0,66.000,257.14
1408601,1019380,273694,731,292,66,0,0,66.000,257.14
1408601,672919,130142,12746,791,66,0,0,66.000,257.14
1408601,272568,71070,17615,333,66,0,0,66.000,257.14
1409237,163056,524852,2604,333,66,0,0,66.000,233.19
1409237,847283,323733,10771,333,66,0,0,66.000,233.19
1409237,1157923,818319,2266,292,66,0,0,66.000,233.19
1409237,121022,679609,3835,291,66,0,0,66.000,233.19
1409237,710713,1105264,4471,333,66,0,0,66.000,233.19
1409237,695443,994018,1212,333,66,0,0,66.000,233.19
1409237,351655,798588,14938,291,66,0,0,66.000,233.19
1409237,574398,1030350,269,292,66,0,0,66.000,233.19
1409237,286431,1204374,9667,291,66,0,0,66.000,233.19
1409237,1404023,1015958,6782,292,66,0,0,66.000,233.19
1409237,868607,21591,32341,750,66,0,0,66.000,233.19
1409237,693120,1061651,295,352,66,0,0,66.000,233.19
1409237,689164,81224,18947,292,66,0,0,66.000,233.19
1409237,246458,761324,5843,292,66,0,0,66.000,233.19
1409237,442707,989990,8569,292,66,0,0,66.000,233.19
1409237,120120,418518,6909,292,66,0,0,66.000,233.19
1409237,498616,247929,3520,291,66,0,0,66.000,233.19
1409237,415441,372672,7765,292,66,0,0,66.000,233.19
1409237,292933,221513,2590,333,66,0,0,66.000,233.19
1409237,434749,686534,2836,709,66,0,0,66.000,233.19
1410809,210555,1208062,6252,292,66,0,0,66.000,225.62
1410809,223534,792578,261,333,66,0,0,66.000,225.62
1410809,983109,254213,11923,334,66,0,0,66.000,225.62
1410809,638527,716244,22487,292,66,0,0,66.000,225.62
1410809,610478,104736,9480,334,66,0,0,66.000,225.62
1410809,861309,1325686,5709,333,66,0,0,66.000,225.62
1410809,221045,1269699,1030,292,66,0,0,66.000,225.62
1410809,916384,1211675,1148,292,66,0,0,66.000,225.62
1410809,92792,300096,2185,292,66,0,0,66.000,225.62
1410809,72443,1296849,7717,291,66,0,0,66.000,225.62
1410809,800354,793501,8875,333,66,0,0,66.000,225.62
1410809,1111706,280560,23975,334,66,0,0,66.000,225.62
1410809,975910,435147,8206,334,66,0,0,66.000,225.62
1410809,125932,615939,6270,292,66,0,0,66.000,225.62
1410809,1248001,1400118,5872,375,66,0,0,66.000,225.62
1410809,67297,922726,48,334,66,0,0,66.000,225.62
1410809,1210726,994637,986,333,66,0,0,66.000,225.62
1410809,442564,940312,9838,291,66,0,0,66.000,225.62
1410809,617940,480511,786,333,66,0,0,66.000,225.62
1410809,1009661,970199,8130,292,66,0,0,66.000,225.62
1410823,885820,1005137,17644,292,66,0,0,66.000,324.24
1410823,1374841,703601,19781,292,66,0,0,66.000,324.24
1410823,108679,563888,20371,334,66,0,0,66.000,324.24
1410823,1132005,29786,5344,333,66,0,0,66.000,324.24
1410823,1074098,250491,3486,333,66,0,0,66.000,324.24
1410823,17219,616097,2297,292,66,0,0,66.000,324.24
1410823,919591,645676,21165,292,66,0,0,66.000,324.24
1410823,845235,397476,10311,333,66,0,0,66.000,324.24
1410823,613423,1169469,11371,333,66,0,0,66.000,324.24
1410823,963957,865943,6965,292,66,0,0,66.000,324.24
1410823,364794,504194,4925,292,66,0,0,66.000,324.24
1410823,866348,995304,8596,292,66,0,0,66.000,324.24
1410823,339089,2068,11705,333,66,0,0,66.000,324.24
1410823,327071,1233234,11796,292,66,0,0,66.000,324.24
1410823,98097,769665,5682,292,66,0,0,66.000,324.24
1410823,855005,62048,9595,292,66,0,0,66.000,324.24
1410823,414574,528706,3364,750,66,0,0,66.000,324.24
1410823,700690,329449,5193,334,66,0,0,66.000,324.24
1410823,357366,1316496,23951,291,66,0,0,66.000,324.24
1410823,1011754,1015266,907,291,66,0,0,66.000,324.24
1411777,567307,710616,16590,333,66,0,0,66.000,414.88
1411777,727208,1195160,33,334,66,0,0,66.000,414.88
1411777,1039117,159778,16761,292,66,0,0,66.000,414.88
1411777,1378362,289431,9687,708,66,0,0,66.000,414.88
1411777,411949,290186,5230,291,66,0,0,66.000,414.88
1411777,714843,1371717,32031,333,66,0,0,66.000,414.88
1411777,194965,1261561,206,291,66,0,0,66.000,414.88
1411777,70440,138095,7311,291,66,0,0,66.000,414.88
1411777,1059543,1383672,1351,291,66,0,0,66.000,414.88
1411777,546420,78608,8726,333,66,0,0,66.000,414.88
1411777,963876,517923,19811,291,66,0,0,66.000,414.88
1411777,43207,1050762,29168,291,66,0,0,66.000,414.88
1411777,1200800,237261,10907,333,66,0,0,66.000,414.88
1411777,57843,1226658,30104,292,66,0,0,66.000,414.88
1411777,145538,915682,13180,292,66,0,0,66.000,414.88
1411777,1023804,571145,191,334,66,0,0,66.000,414.88
1411777,615853,735229,12411,333,66,0,0,66.000,414.88
1411777,217316,871840,12780,333,66,0,0,66.000,414.88
1411777,42552,332823,12756,291,66,0,0,66.000,414.88
1411777,396215,1047188,22216,351,66,0,0,66.000,414.88
1412689,468737,133481,61830,333,66,0,0,66.000,684.02
1412689,757187,617562,24647,333,66,0,0,66.000,684.02
1412689,357326,634040,7066,292,66,0,0,66.000,684.02
1412689,1258825,51854,6560,292,66,0,0,66.000,684.02
1412689,1400246,1123306,38130,292,66,0,0,66.000,684.02
1412689,464240,524588,1313,292,66,0,0,66.000,684.02
1412689,11480,922647,8624,292,66,0,0,66.000,684.02
1412689,908413,218118,3739,292,66,0,0,66.000,684.02
1412689,991925,396232,59383,291,66,0,0,66.000,684.02
1412689,1053707,1044738,5395,334,66,0,0,66.000,684.02
1412689,355320,1067183,21691,333,66,0,0,66.000,684.02
1412689,1235030,981520,14496,709,66,0,0,66.000,684.02
1412689,786867,939378,685,292,66,0,0,66.000,684.02
1412689,689860,928570,39042,708,66,0,0,66.000,684.02
1412689,989239,1012953,43655,333,66,0,0,66.000,684.02
1412689,783821,63636,4501,292,66,0,0,66.000,684.02
1412689,228661,291302,64915,334,66,0,0,66.000,684.02
1412689,375910,1065150,841,292,66,0,0,66.000,684.02
1412689,329904,393774,13371,291,66,0,0,66.000,684.02
1412689,584507,1311026,13435,333,66,0,0,66.000,684.02
1413103,1113778,243122,4568,333,66,0,0,66.000,205.77
1413103,406390,859228,163,291,66,0,0,66.000,205.77
1413103,351499,1188532,17459,333,66,0,0,66.000,205.77
1413103,487917,818288,2973,292,66,0,0,66.000,205.77
1413103,883843,1023261,7087,334,66,0,0,66.000,205.77
1413103,1067551,1011998,834,291,66,0,0,66.000,205.77
1413103,710037,430488,311,268,66,0,0,66.000,205.77
1413103,960636,491344,5682,334,66,0,0,66.000,205.77
1413103,200250,1206176,832,291,66,0,0,66.000,205.77
1413103,779824,492951,50220,333,66,0,0,66.000,205.77
1413103,424249,1316729,2461,334,66,0,0,66.000,205.77
1413103,431211,330348,734,292,66,0,0,66.000,205.77
1413103,27009,543793,4981,291,66,0,0,66.000,205.77
1413103,45749,345333,3475,708,66,0,0,66.000,205.77
1413103,341524,566266,7427,292,66,0,0,66.000,205.77
1413103,1167165,1018580,1371,292,66,0,0,66.000,205.77
1413103,912459,661716,7987,333,66,0,0,66.000,205.77
1413103,942136,1329311,1618,333,66,0,0,66.000,205.77
1413103,1278036,1306552,4795,333,66,0,0,66.000,205.77
1413103,790646,115787,5329,333,66,0,0,66.000,205.77
1414067,850886,221234,5920,291,66,0,0,66.000,242.56
1414067,734671,530631,12747,333,66,0,0,66.000,242.56
1414067,1407033,1379114,363,334,66,0,0,66.000,242.56
1414067,390146,1229386,1661,292,66,0,0,66.000,242.56
1414067,47325,1302404,7915,291,66,0,0,66.000,242.56
1414067,1267554,954820,1096,291,66,0,0,66.000,242.56
1414067,1197374,714450,5667,334,66,0,0,66.000,242.56
1414067,663546,1033374,5324,334,66,0,0,66.000,242.56
1414067,1010124,235990,2552,292,66,0,0,66.000,242.56
1414067,908177,838642,8956,291,66,0,0,66.000,242.56
1414067,1025797,687503,8308,291,66,0,0,66.000,242.56
1414067,173453,40564,3146,292,66,0,0,66.000,242.56
1414067,1007731,1294424,2761,333,66,0,0,66.000,242.56
1414067,1169881,972491,30904,291,66,0,0,66.000,242.56
1414067,754472,696081,6234,334,66,0,0,66.000,242.56
1414067,998844,443098,707,333,66,0,0,66.000,242.56
1414067,1119594,1411755,302,292,66,0,0,66.000,242.56
1414067,594572,1154325,35873,333,66,0,0,66.000,242.56
1414067,1128831,1282978,4681,333,66,0,0,66.000,242.56
1414067,979129,961430,7857,291,66,0,0,66.000,242.56
1416043,1238649,872669,856,291,66,0,0,66.000,245.86
1416043,772982,582223,236,291,66,0,0,66.000,245.86
1416043,498685,1114618,10077,333,66,0,0,66.000,245.86
1416043,254388,791689,344,333,66,0,0,66.000,245.86
1416043,16620,270686,827,292,66,0,0,66.000,245.86
1416043,709726,1155270,15079,750,66,0,0,66.000,245.86
1416043,1282550,489157,9902,292,66,0,0,66.000,245.86
1416043,768497,743625,2601,292,66,0,0,66.000,245.86
1416043,698528,851384,10612,291,66,0,0,66.000,245.86
1416043,587887,1388363,6223,350,66,0,0,66.000,245.86
1416043,1018795,866874,3777,291,66,0,0,66.000,245.86
1416043,562456,174203,3806,291,66,0,0,66.000,245.86
1416043,556249,43137,871,333,66,0,0,66.000,245.86
1416043,1023864,255452,43459,291,66,0,0,66.000,245.86
1416043,370773,481381,24877,292,66,0,0,66.000,245.86
1416043,805680,861531,367,292,66,0,0,66.000,245.86
1416043,587014,785023,4125,292,66,0,0,66.000,245.86
1416043,262136,1225898,8513,334,66,0,0,66.000,245.86
1416043,146945,1399204,48,292,66,0,0,66.000,245.86
1416043,1384498,512206,3754,292,66,0,0,66.000,245.86
1416211,1022380,716306,18222,292,66,0,0,66.000,504.49
1416211,496451,1276770,5475,292,66,0,0,66.000,504.49
1416211,1195549,224860,28890,292,66,0,0,66.000,504.49
1416211,116571,22009,2149,750,66,0,0,66.000,504.49
1416211,444873,751660,5308,334,66,0,0,66.000,504.49
1416211,666807,144578,7734,292,66,0,0,66.000,504.49
1416211,431591,136940,41439,292,66,0,0,66.000,504.49
1416211,581998,1043701,7213,333,66,0,0,66.000,504.49
1416211,602374,154841,21343,292,66,0,0,66.000,504.49
1416211,513957,958891,11285,334,66,0,0,66.000,504.49
1416211,1170657,1350746,31216,709,66,0,0,66.000,504.49
1416211,1174665,432291,4433,292,66,0,0,66.000,504.49
1416211,709937,350480,2639,292,66,0,0,66.000,504.49
1416211,894919,264865,20138,292,66,0,0,66.000,504.49
1416211,59777,184295,5126,333,66,0,0,66.000,504.49
1416211,347972,1214983,3174,292,66,0,0,66.000,504.49
1416211,213335,752407,10020,334,66,0,0,66.000,504.49
1416211,239590,1206431,49046,291,66,0,0,66.000,504.49
1416211,1216799,1003798,39079,292,66,0,0,66.000,504.49
1416211,1047224,1026399,2416,291,66,0,0,66.000,504.49
1417883,1135873,140658,23967,292,66,0,0,66.000,428.21
1417883,90041,1100013,11835,333,66,0,0,66.000,428.21
1417883,541099,1298317,1405,333,66,0,0,66.000,428.21
1417883,352802,1014475,20355,291,66,0,0,66.000,428.21
1417883,1243921,472989,29094,333,66,0,0,66.000,428.21
1417883,1119551,1028468,45943,292,66,0,0,66.000,428.21
1417883,1291498,822517,6874,334,66,0,0,66.000,428.21
1417883,783832,1369508,23865,334,66,0,0,66.000,428.21
1417883,614511,1265467,5418,333,66,0,0,66.000,428.21
1417883,478699,743276,12061,333,66,0,0,66.000,428.21
1417883,1098604,644147,8600,292,66,0,0,66.000,428.21
1417883,393182,479715,27596,292,66,0,0,66.000,428.21
1417883,454867,1271831,962,292,66,0,0,66.000,428.21
1417883,30473,1143451,8963,292,66,0,0,66.000,428.21
1417883,557710,188108,7696,291,66,0,0,66.000,428.21
1417883,1038228,715501,12127,292,66,0,0,66.000,428.21
1417883,732968,794288,11009,334,66,0,0,66.000,428.21
1417883,557214,129315,3600,750,66,0,0,66.000,428.21
1417883,277049,35942,3714,292,66,0,0,66.000,428.21
1417883,8917,531633,3075,333,66,0,0,66.000,428.21
1420357,1249691,741661,36130,708,66,0,0,66.000,935.54
1420357,710389,762590,9668,292,66,0,0,66.000,935.54
1420357,837843,898524,28844,292,66,0,0,66.000,935.54
1420357,625102,779813,15017,333,66,0,0,66.000,935.54
1420357,1021462,839719,15208,292,66,0,0,66.000,935.54
1420357,1007506,31698,15603,333,66,0,0,66.000,935.54
1420357,665085,385162,30867,708,66,0,0,66.000,935.54
1420357,213353,566250,71830,292,66,0,0,66.000,935.54
1420357,1206920,841599,3144,292,66,0,0,66.000,935.54
1420357,678151,1315408,20741,291,66,0,0,66.000,935.54
1420357,885119,747105,5108,291,66,0,0,66.000,935.54
1420357,1049572,1293141,35212,333,66,0,0,66.000,935.54
1420357,1073923,488373,51338,333,66,0,0,66.000,935.54
1420357,583105,1217449,75878,291,66,0,0,66.000,935.54
1420357,149442,1067841,15535,292,66,0,0,66.000,935.54
1420357,679174,706658,86012,291,66,0,0,66.000,935.54
1420357,753313,793903,1857,291,66,0,0,66.000,935.54
1420357,240679,631467,17991,292,66,0,0,66.000,935.54
1420357,1016197,164930,32569,291,66,0,0,66.000,935.54
1420357,1311982,728766,20655,291,66,0,0,66.000,935.54
1421543,369625,261779,8515,292,66,0,0,66.000,333.61
1421543,1410110,449752,8892,291,66,0,0,66.000,333.61
1421543,241984,1199826,12912,333,66,0,0,66.000,333.61
1421543,1364020,354299,27180,292,66,0,0,66.000,333.61
1421543,159168,283048,13035,333,66,0,0,66.000,333.61
1421543,780107,1114678,2581,292,66,0,0,66.000,333.61
1421543,964448,696906,12067,291,66,0,0,66.000,333.61
1421543,814671,158140,6392,292,66,0,0,66.000,333.61
1421543,211390,523315,1870,333,66,0,0,66.000,333.61
1421543,819509,257482,1479,291,66,0,0,66.000,333.61
1421543,346914,139556,21745,291,66,0,0,66.000,333.61
1421543,365363,599636,2907,291,66,0,0,66.000,333.61
1421543,980440,1397314,18769,291,66,0,0,66.000,333.61
1421543,591682,542062,14314,292,66,0,0,66.000,333.61
1421543,433646,382184,4738,2708,66,0,0,66.000,333.61
1421543,189517,223868,12116,292,66,0,0,66.000,333.61
1421543,609724,529830,10422,334,66,0,0,66.000,333.61
1421543,356696,1417422,18043,292,66,0,0,66.000,333.61
1421543,155023,221468,669,292,66,0,0,66.000,333.61
1421543,327758,1418496,13130,291,66,0,0,66.000,333.61
1421911,7070,72913,7114,291,66,0,0,66.000,353.47
1421911,730368,782855,17077,709,66,0,0,66.000,353.47
1421911,369512,51617,1891,292,66,0,0,66.000,353.47
1421911,815699,940193,2358,292,66,0,0,66.000,353.47
1421911,167414,1138245,5039,291,66,0,0,66.000,353.47
1421911,89401,245636,4279,333,66,0,0,66.000,353.47
1421911,970419,1391905,3681,292,66,0,0,66.000,353.47
1421911,1023310,248421,24900,768,66,0,0,66.000,353.47
1421911,761069,1105065,9315,292,66,0,0,66.000,353.47
1421911,538757,925918,11448,292,66,0,0,66.000,353.47
1421911,671606,589174,10688,292,66,0,0,66.000,353.47
1421911,489056,678328,8924,292,66,0,0,66.000,353.47
1421911,700010,514983,17614,333,66,0,0,66.000,353.47
1421911,575062,189281,258,334,66,0,0,66.000,353.47
1421911,828268,239161,17229,291,66,0,0,66.000,353.47
1421911,1115131,475574,514,333,66,0,0,66.000,353.47
1421911,355586,1209243,43670,334,66,0,0,66.000,353.47
1421911,325345,662761,22388,333,66,0,0,66.000,353.47
1421911,1171033,1302593,13076,291,66,0,0,66.000,353.47
1421911,774604,937769,2857,792,66,0,0,66.000,353.47
1422749,707568,218962,11008,291,66,0,0,66.000,850.59
1422749,755958,803526,24030,292,66,0,0,66.000,850.59
1422749,1161857,1123699,32638,291,66,0,0,66.000,850.59
1422749,696971,1262537,50173,292,66,0,0,66.000,850.59
1422749,233231,198599,21585,333,66,0,0,66.000,850.59
1422749,191692,917850,5752,291,66,0,0,66.000,850.59
1422749,1280859,536377,3273,333,66,0,0,66.000,850.59
1422749,1065718,1273995,6347,750,66,0,0,66.000,850.59
1422749,469778,954265,28413,333,66,0,0,66.000,850.59
1422749,1134525,883501,22036,334,66,0,0,66.000,850.59
1422749,201736,137018,1948,291,66,0,0,66.000,850.59
1422749,89776,677717,23698,333,66,0,0,66.000,850.59
1422749,1312167,1390406,19036,334,66,0,0,66.000,850.59
1422749,267805,1351382,21609,709,66,0,0,66.000,850.59
1422749,681542,1040307,45169,292,66,0,0,66.000,850.59
1422749,1305981,1187712,24110,292,66,0,0,66.000,850.59
1422749,1287458,705731,49447,750,66,0,0,66.000,850.59
1422749,961137,768408,109674,292,66,0,0,66.000,850.59
1422749,1297647,492424,7261,709,66,0,0,66.000,850.59
1422749,344043,729628,27505,333,66,0,0,66.000,850.59
1423237,1203647,325101,83,291,66,0,0,66.000,308.15
1423237,1309262,1278723,17384,333,66,0,0,66.000,308.15
1423237,533583,1023323,1096,292,66,0,0,66.000,308.15
1423237,1046759,448483,3805,334,66,0,0,66.000,308.15
1423237,728249,375894,3846,725,66,0,0,66.000,308.15
1423237,754475,1153764,5811,291,66,0,0,66.000,308.15
1423237,609475,1338366,10052,292,66,0,0,66.000,308.15
1423237,621195,1313409,27513,292,66,0,0,66.000,308.15
1423237,317248,340462,1987,334,66,0,0,66.000,308.15
1423237,77849,628411,5901,333,66,0,0,66.000,308.15
1423237,1015897,1192922,2831,333,66,0,0,66.000,308.15
1423237,1164830,1125149,33010,833,66,0,0,66.000,308.15
1423237,1043938,1091961,21690,333,66,0,0,66.000,308.15
1423237,550340,602046,17056,334,66,0,0,66.000,308.15
1423237,117185,303575,22152,292,66,0,0,66.000,308.15
1423237,445606,109207,11980,292,66,0,0,66.000,308.15
1423237,1189192,543671,311,291,66,0,0,66.000,308.15
1423237,1212994,519381,4812,291,66,0,0,66.000,308.15
1423237,611056,156384,2321,334,66,0,0,66.000,308.15
1423237,9835,187134,1443,333,66,0,0,66.000,308.15
1423691,1123191,1021379,9077,292,66,0,0,66.000,215.45
1423691,451347,561976,3030,291,66,0,0,66.000,215.45
1423691,572156,153098,3533,292,66,0,0,66.000,215.45
1423691,470663,1184216,1229,292,66,0,0,66.000,215.45
1423691,471155,875335,1131,291,66,0,0,66.000,215.45
1423691,806362,345960,11752,708,66,0,0,66.000,215.45
1423691,388509,334202,5823,292,66,0,0,66.000,215.45
1423691,813945,1258346,3835,333,66,0,0,66.000,215.45
1423691,1101082,581411,10353,292,66,0,0,66.000,215.45
1423691,627108,1156050,9874,292,66,0,0,66.000,215.45
1423691,724258,891286,4964,291,66,0,0,66.000,215.45
1423691,790100,200912,172,292,66,0,0,66.000,215.45
1423691,1144695,907285,1210,291,66,0,0,66.000,215.45
1423691,1164822,112921,16866,333,66,0,0,66.000,215.45
1423691,635983,1346622,3326,334,66,0,0,66.000,215.45
1423691,1418294,1225502,1105,291,66,0,0,66.000,215.45
1423691,509427,80329,2969,291,66,0,0,66.000,215.45
1423691,132891,1078726,4880,291,66,0,0,66.000,215.45
1423691,865556,498967,24407,292,66,0,0,66.000,215.45
1423691,320699,918493,15377,333,66,0,0,66.000,215.45
1428521,173291,121682,45606,333,66,0,0,66.000,663.09
1428521,883549,519512,17388,292,66,0,0,66.000,663.09
1428521,667510,646875,4559,375,66,0,0,66.000,663.09
1428521,1362159,767968,29951,291,66,0,0,66.000,663.09
1428521,891410,403119,36070,292,66,0,0,66.000,663.09
1428521,757498,790224,4629,291,66,0,0,66.000,663.09
1428521,866606,1367176,21360,292,66,0,0,66.000,663.09
1428521,985961,336465,20130,333,66,0,0,66.000,663.09
1428521,975459,407051,19809,292,66,0,0,66.000,663.09
1428521,638820,787312,24651,292,66,0,0,66.000,663.09
1428521,921395,345419,15612,292,66,0,0,66.000,663.09
1428521,1419353,1353934,21606,292,66,0,0,66.000,663.09
1428521,196341,1086911,19551,334,66,0,0,66.000,663.09
1428521,211401,269518,540,291,66,0,0,66.000,663.09
1428521,194211,334215,2514,291,66,0,0,66.000,663.09
1428521,594748,426296,25309,292,66,0,0,66.000,663.09
1428521,838604,74525,42275,333,66,0,0,66.000,663.09
1428521,1205637,919217,29498,291,66,0,0,66.000,663.09
1428521,105474,116363,34615,292,66,0,0,66.000,663.09
1428521,153980,438879,5191,292,66,0,0,66.000,663.09
1428703,235558,231489,5509,291,66,0,0,66.000,333.03
1428703,945317,142275,5422,333,66,0,0,66.000,333.03
1428703,661405,193936,6871,334,66,0,0,66.000,333.03
1428703,593135,813898,19033,292,66,0,0,66.000,333.03
1428703,453401,204313,4649,291,66,0,0,66.000,333.03
1428703,243262,1023687,6492,334,66,0,0,66.000,333.03
1428703,792287,1419727,8868,292,66,0,0,66.000,333.03
1428703,708699,52407,3397,310,66,0,0,66.000,333.03
1428703,902413,711221,4647,291,66,0,0,66.000,333.03
1428703,259613,803200,17188,334,66,0,0,66.000,333.03
1428703,29143,821304,14714,292,66,0,0,66.000,333.03
1428703,1147407,1215226,3474,333,66,0,0,66.000,333.03
1428703,710885,1070099,6470,333,66,0,0,66.000,333.03
1428703,1129301,1407169,20416,292,66,0,0,66.000,333.03
1428703,1272857,1064425,14311,291,66,0,0,66.000,333.03
1428703,931044,273179,25390,333,66,0,0,66.000,333.03
1428703,1088345,235932,8182,708,66,0,0,66.000,333.03
1428703,1357376,199863,6885,334,66,0,0,66.000,333.03
1428703,1292935,864253,9495,334,66,0,0,66.000,333.03
1428703,737385,728016,17625,333,66,0,0,66.000,333.03
1429063,448177,907892,7380,292,66,0,0,66.000,386.58
1429063,336477,1240100,11549,333,66,0,0,66.000,386.58
1429063,992436,85905,14598,292,66,0,0,66.000,386.58
1429063,458116,395303,13674,292,66,0,0,66.000,386.58
1429063,936193,436285,2817,334,66,0,0,66.000,386.58
1429063,633078,573640,4555,292,66,0,0,66.000,386.58
1429063,540141,563556,6949,333,66,0,0,66.000,386.58
1429063,414287,1351037,27807,333,66,0,0,66.000,386.58
1429063,1408787,321256,7474,333,66,0,0,66.000,386.58
1429063,133935,215500,908,291,66,0,0,66.000,386.58
1429063,1017160,363059,4347,291,66,0,0,66.000,386.58
1429063,114098,151618,5819,708,66,0,0,66.000,386.58
1429063,886851,12203,2490,333,66,0,0,66.000,386.58
1429063,1339452,603306,17821,726,66,0,0,66.000,386.58
1429063,802863,1252642,11169,333,66,0,0,66.000,386.58
1429063,1334273,2424,17511,292,66,0,0,66.000,386.58
1429063,564042,40886,22175,292,66,0,0,66.000,386.58
1429063,874996,255781,40651,333,66,0,0,66.000,386.58
1429063,392265,1388416,22677,334,66,0,0,66.000,386.58
1429063,438347,273454,2708,334,66,0,0,66.000,386.58
1429369,231618,760653,66464,291,66,0,0,66.000,617.54
1429369,855099,1081472,12132,292,66,0,0,66.000,617.54
1429369,1201140,1105944,25109,292,66,0,0,66.000,617.54
1429369,856549,1140572,27961,334,66,0,0,66.000,617.54
1429369,407193,991888,8528,333,66,0,0,66.000,617.54
1429369,751686,646694,15924,333,66,0,0,66.000,617.54
1429369,61432,1076038,11257,292,66,0,0,66.000,617.54
1429369,452865,1413966,11319,292,66,0,0,66.000,617.54
1429369,1143669,908576,29518,334,66,0,0,66.000,617.54
1429369,514587,160503,13585,333,66,0,0,66.000,617.54
1429369,319629,1355433,16758,334,66,0,0,66.000,617.54
1429369,458818,832270,13496,292,66,0,0,66.000,617.54
1429369,418281,1361509,5316,750,66,0,0,66.000,617.54
1429369,1307585,78223,9667,291,66,0,0,66.000,617.54
1429369,200386,1190634,15530,292,66,0,0,66.000,617.54
1429369,1218586,1192179,1954,292,66,0,0,66.000,617.54
1429369,559767,1265704,11824,292,66,0,0,66.000,617.54
1429369,7334,891766,3849,292,66,0,0,66.000,617.54
1429369,949662,987584,17815,334,66,0,0,66.000,617.54
1429369,452355,139055,73577,750,66,0,0,66.000,617.54
1429721,635208,430859,31216,750,66,0,0,66.000,809.61
1429721,1085845,709816,15196,292,66,0,0,66.000,809.61
1429721,842149,556100,31234,334,66,0,0,66.000,809.61
1429721,803865,454699,63494,291,66,0,0,66.000,809.61
1429721,922055,255980,7150,334,66,0,0,66.000,809.61
1429721,375803,1332751,61120,333,66,0,0,66.000,809.61
1429721,1055512,1027545,70404,292,66,0,0,66.000,809.61
1429721,794196,205183,2510,292,66,0,0,66.000,809.61
1429721,951058,656521,47601,709,66,0,0,66.000,809.61
1429721,237136,780164,2424,291,66,0,0,66.000,809.61
1429721,1302733,519438,4728,333,66,0,0,66.000,809.61
1429721,477701,1172952,10953,291,66,0,0,66.000,809.61
1429721,933271,1143639,27454,291,66,0,0,66.000,809.61
1429721,1404208,1359106,5298,333,66,0,0,66.000,809.61
1429721,493451,846075,63604,334,66,0,0,66.000,809.61
1429721,72786,268636,3141,333,66,0,0,66.000,809.61
1429721,1234163,201003,19144,333,66,0,0,66.000,809.61
1429721,564545,941193,3996,292,66,0,0,66.000,809.61
1429721,840729,84855,39532,292,66,0,0,66.000,809.61
1429721,626505,1180890,2534,333,66,0,0,66.000,809.61
1431191,907762,1247695,6007,292,66,0,0,66.000,632.39
1431191,1125799,544087,625,292,66,0,0,66.000,632.39
1431191,238237,1040371,9229,292,66,0,0,66.000,632.39
1431191,785457,1303307,26993,334,66,0,0,66.000,632.39
1431191,1253792,293980,24112,292,66,0,0,66.000,632.39
1431191,925023,661965,53423,334,66,0,0,66.000,632.39
1431191,245185,304334,1644,334,66,0,0,66.000,632.39
1431191,1319045,794115,25553,292,66,0,0,66.000,632.39
1431191,255024,1169940,2363,333,66,0,0,66.000,632.39
1431191,1347325,935369,69938,334,66,0,0,66.000,632.39
1431191,774442,902329,4152,333,66,0,0,66.000,632.39
1431191,247169,798502,4319,292,66,0,0,66.000,632.39
1431191,361711,1404820,20542,333,66,0,0,66.000,632.39
1431191,243565,589112,21665,333,66,0,0,66.000,632.39
1431191,737147,862409,39997,292,66,0,0,66.000,632.39
1431191,968474,1279527,13157,334,66,0,0,66.000,632.39
1431191,708098,972644,1878,334,66,0,0,66.000,632.39
1431191,332735,1395641,19323,292,66,0,0,66.000,632.39
1431191,412450,222637,18399,333,66,0,0,66.000,632.39
1431191,523637,994217,37288,333,66,0,0,66.000,632.39
1431317,171860,272058,2354,334,66,0,0,66.000,217.08
1431317,1104404,304896,4310,750,66,0,0,66.000,217.08
1431317,393206,1273825,16420,333,66,0,0,66.000,217.08
1431317,913255,611802,7395,333,66,0,0,66.000,217.08
1431317,520267,180647,12490,291,66,0,0,66.000,217.08
1431317,255138,935456,4308,333,66,0,0,66.000,217.08
1431317,324030,467625,1617,334,66,0,0,66.000,217.08
1431317,23751,624085,149,333,66,0,0,66.000,217.08
1431317,87117,1290251,12465,334,66,0,0,66.000,217.08
1431317,27154,1375790,2236,334,66,0,0,66.000,217.08
1431317,1421428,508652,20797,333,66,0,0,66.000,217.08
1431317,419312,345633,8762,292,66,0,0,66.000,217.08
1431317,651089,791750,5369,291,66,0,0,66.000,217.08
1431317,59878,1123833,10141,709,66,0,0,66.000,217.08
1431317,997732,780490,4,417,66,0,0,66.000,217.08
1431317,1416009,407977,6366,333,66,0,0,66.000,217.08
1431317,859625,26222,4234,292,66,0,0,66.000,217.08
1431317,358400,596653,9543,292,66,0,0,66.000,217.08
1431317,482462,816764,5385,333,66,0,0,66.000,217.08
1431317,1388052,639864,3174,750,66,0,0,66.000,217.08
1438253,147492,1235360,4695,334,66,0,0,66.000,350.23
1438253,616247,673959,9731,291,66,0,0,66.000,350.23
1438253,20574,1311679,4809,334,66,0,0,66.000,350.23
1438253,1291419,1149955,15701,292,66,0,0,66.000,350.23
1438253,530869,791711,16057,333,66,0,0,66.000,350.23
1438253,129485,1427741,2500,292,66,0,0,66.000,350.23
1438253,432493,301394,7010,292,66,0,0,66.000,350.23
1438253,1151237,1335009,3835,333,66,0,0,66.000,350.23
1438253,1344644,455877,4077,792,66,0,0,66.000,350.23
1438253,679422,716444,6521,334,66,0,0,66.000,350.23
1438253,79726,520433,22179,333,66,0,0,66.000,350.23
1438253,244408,1422943,2700,333,66,0,0,66.000,350.23
1438253,709031,913839,20626,333,66,0,0,66.000,350.23
1438253,1125954,420845,4986,292,66,0,0,66.000,350.23
1438253,596990,514132,1966,292,66,0,0,66.000,350.23
1438253,961409,923430,39379,291,66,0,0,66.000,350.23
1438253,612966,1018042,33522,333,66,0,0,66.000,350.23
1438253,1260261,1259510,8116,291,66,0,0,66.000,350.23
1438253,465230,28743,1414,292,66,0,0,66.000,350.23
1438253,1056243,59754,12329,708,66,0,0,66.000,350.23
1441523,401449,1288463,1178,292,66,0,0,66.000,356.13
1441523,1158624,550640,3792,291,66,0,0,66.000,356.13
1441523,820090,468177,11672,333,66,0,0,66.000,356.13
1441523,541062,411323,26627,334,66,0,0,66.000,356.13
1441523,1271486,116245,11086,333,66,0,0,66.000,356.13
1441523,973338,274672,22979,333,66,0,0,66.000,356.13
1441523,1276329,758021,12482,334,66,0,0,66.000,356.13
1441523,777890,759324,613,291,66,0,0,66.000,356.13
1441523,207993,1324543,9641,708,66,0,0,66.000,356.13
1441523,803658,927638,15261,333,66,0,0,66.000,356.13
1441523,902351,860385,11016,291,66,0,0,66.000,356.13
1441523,910930,1413866,1931,292,66,0,0,66.000,356.13
1441523,603471,724499,701,333,66,0,0,66.000,356.13
1441523,825526,954417,35515,333,66,0,0,66.000,356.13
1441523,452932,1164973,12334,292,66,0,0,66.000,356.13
1441523,665931,108096,6870,291,66,0,0,66.000,356.13
1441523,384289,232593,3402,292,66,0,0,66.000,356.13
1441523,941122,626434,25789,291,66,0,0,66.000,356.13
1441523,272187,564865,2126,292,66,0,0,66.000,356.13
1441523,1017449,660034,10704,334,66,0,0,66.000,356.13
1441591,717978,1224211,4265,291,66,0,0,66.000,278.41
1441591,318215,1095342,17798,709,66,0,0,66.000,278.41
1441591,910492,1102987,3464,292,66,0,0,66.000,278.41
1441591,931882,778213,25482,292,66,0,0,66.000,278.41
1441591,833481,865740,13210,291,66,0,0,66.000,278.41
1441591,788142,484761,8938,333,66,0,0,66.000,278.41
1441591,540175,115160,5736,292,66,0,0,66.000,278.41
1441591,195109,262430,2806,333,66,0,0,66.000,278.41
1441591,613042,936891,2124,292,66,0,0,66.000,278.41
1441591,552486,1256472,5609,709,66,0,0,66.000,278.41
1441591,169642,922450,5841,292,66,0,0,66.000,278.41
1441591,604579,472434,9195,292,66,0,0,66.000,278.41
1441591,1269,207591,7112,334,66,0,0,66.000,278.41
1441591,1043096,688501,6237,291,66,0,0,66.000,278.41
1441591,402502,519799,12521,292,66,0,0,66.000,278.41
1441591,1249050,124385,10231,291,66,0,0,66.000,278.41
1441591,317565,1230,25389,292,66,0,0,66.000,278.41
1441591,843971,309579,1629,333,66,0,0,66.000,278.41
1441591,1306212,1386693,5473,334,66,0,0,66.000,278.41
1441591,15884,994888,3163,292,66,0,0,66.000,278.41
1446169,1321984,293940,1994,292,66,0,0,66.000,874.64
1446169,1336601,85172,26983,333,66,0,0,66.000,874.64
1446169,465689,878512,24769,292,66,0,0,66.000,874.64
1446169,1126223,734131,802,333,66,0,0,66.000,874.64
1446169,868331,1104245,71182,333,66,0,0,66.000,874.64
1446169,740078,994310,16763,292,66,0,0,66.000,874.64
1446169,31693,1293350,21244,708,66,0,0,66.000,874.64
1446169,85276,17960,4965,291,66,0,0,66.000,874.64
1446169,690654,159262,66993,291,66,0,0,66.000,874.64
1446169,560391,1397417,60283,310,66,0,0,66.000,874.64
1446169,1109637,843593,3661,333,66,0,0,66.000,874.64
1446169,659943,1334022,47369,292,66,0,0,66.000,874.64
1446169,1211845,67356,6415,292,66,0,0,66.000,874.64
1446169,54951,558247,13359,333,66,0,0,66.000,874.64
1446169,1428499,1171202,38616,292,66,0,0,66.000,874.64
1446169,1424756,1334105,12973,333,66,0,0,66.000,874.64
1446169,599872,276611,80491,333,66,0,0,66.000,874.64
1446169,733636,386097,47288,291,66,0,0,66.000,874.64
1446169,19686,622479,5949,292,66,0,0,66.000,874.64
1446169,304330,622358,2515,334,66,0,0,66.000,874.64
1447217,1291146,851355,34701,291,66,0,0,66.000,628.81
1447217,141598,455047,17256,292,66,0,0,66.000,628.81
1447217,1078647,436102,4095,291,66,0,0,66.000,628.81
1447217,1151815,1275338,33206,291,66,0,0,66.000,628.81
1447217,37940,411907,10125,292,66,0,0,66.000,628.81
1447217,1170662,548210,18942,334,66,0,0,66.000,628.81
1447217,551577,1191593,27219,334,66,0,0,66.000,628.81
1447217,708846,175375,19486,292,66,0,0,66.000,628.81
1447217,495026,339072,47525,292,66,0,0,66.000,628.81
1447217,1175731,342783,21087,334,66,0,0,66.000,628.81
1447217,730565,759747,4171,333,66,0,0,66.000,628.81
1447217,893044,732309,7972,333,66,0,0,66.000,628.81
1447217,729880,1093052,8822,291,66,0,0,66.000,628.81
1447217,85261,407747,3809,333,66,0,0,66.000,628.81
1447217,1118322,653892,19060,291,66,0,0,66.000,628.81
1447217,1335386,846393,5547,334,66,0,0,66.000,628.81
1447217,702790,1146189,35730,333,66,0,0,66.000,628.81
1447217,265855,1088835,41283,333,66,0,0,66.000,628.81
1447217,382357,241609,3556,292,66,0,0,66.000,628.81
1447217,1192035,1397228,34130,292,66,0,0,66.000,628.81
1448309,270422,1054205,8267,292,66,0,0,66.000,184.68
1448309,521699,1284932,8171,292,66,0,0,66.000,184.68
1448309,1221853,1308828,4973,333,66,0,0,66.000,184.68
1448309,484967,219416,12134,333,66,0,0,66.000,184.68
1448309,1390808,102490,6595,333,66,0,0,66.000,184.68
1448309,613776,565471,6802,334,66,0,0,66.000,184.68
1448309,286347,71703,996,292,66,0,0,66.000,184.68
1448309,737177,1271537,5602,292,66,0,0,66.000,184.68
1448309,1198482,117935,757,333,66,0,0,66.000,184.68
1448309,1226919,544949,3425,292,66,0,0,66.000,184.68
1448309,640704,528879,1308,292,66,0,0,66.000,184.68
1448309,1305238,89369,1824,333,66,0,0,66.000,184.68
1448309,32989,1266449,5938,292,66,0,0,66.000,184.68
1448309,406184,975525,11203,708,66,0,0,66.000,184.68
1448309,638445,452376,12523,333,66,0,0,66.000,184.68
1448309,618303,353362,2231,292,66,0,0,66.000,184.68
1448309,331645,101943,7171,333,66,0,0,66.000,184.68
1448309,663169,1020504,1437,333,66,0,0,66.000,184.68
1448309,1008897,783114,1133,333,66,0,0,66.000,184.68
1448309,1091343,1366961,14543,291,66,0,0,66.000,184.68
1451059,713674,1013438,26565,292,66,0,0,66.000,385.53
1451059,805020,23513,19727,292,66,0,0,66.000,385.53
1451059,513469,1111766,23472,292,66,0,0,66.000,385.53
1451059,557394,51338,1837,333,66,0,0,66.000,385.53
1451059,1160611,126571,3649,291,66,0,0,66.000,385.53
1451059,457181,1327401,12024,292,66,0,0,66.000,385.53
1451059,44177,1310631,10586,709,66,0,0,66.000,385.53
1451059,1146204,816509,6470,334,66,0,0,66.000,385.53
1451059,384118,856994,13149,334,66,0,0,66.000,385.53
1451059,843619,1326303,2048,334,66,0,0,66.000,385.53
1451059,1306343,912931,709,292,66,0,0,66.000,385.53
1451059,1362296,1216498,13800,333,66,0,0,66.000,385.53
1451059,1122645,952703,52,750,66,0,0,66.000,385.53
1451059,1374840,955653,6697,292,66,0,0,66.000,385.53
1451059,379084,323816,12176,292,66,0,0,66.000,385.53
1451059,942637,227828,9731,333,66,0,0,66.000,385.53
1451059,281115,1383575,11941,291,66,0,0,66.000,385.53
1451059,1103007,106908,27981,292,66,0,0,66.000,385.53
1451059,394770,369818,39297,291,66,0,0,66.000,385.53
1451059,416762,236906,2122,292,66,0,0,66.000,385.53
1453489,352473,1052642,21458,334,66,0,0,66.000,695.45
1453489,1149645,821868,14842,334,66,0,0,66.000,695.45
1453489,296753,1001005,407,334,66,0,0,66.000,695.45
1453489,674356,802861,3134,750,66,0,0,66.000,695.45
1453489,560395,827964,8605,333,66,0,0,66.000,695.45
1453489,804410,1282381,12525,292,66,0,0,66.000,695.45
1453489,208577,1205823,62080,292,66,0,0,66.000,695.45
1453489,960982,632778,10912,333,66,0,0,66.000,695.45
1453489,19159,340270,49712,291,66,0,0,66.000,695.45
1453489,1141315,1330878,89748,291,66,0,0,66.000,695.45
1453489,1082926,358466,21874,292,66,0,0,66.000,695.45
1453489,1226142,926875,2004,291,66,0,0,66.000,695.45
1453489,134060,1392303,3319,292,66,0,0,66.000,695.45
1453489,1376118,951712,425,292,66,0,0,66.000,695.45
1453489,325763,696823,8837,292,66,0,0,66.000,695.45
1453489,471854,856723,1504,333,66,0,0,66.000,695.45
1453489,519873,138833,44954,333,66,0,0,66.000,695.45
1453489,307625,220103,51583,334,66,0,0,66.000,695.45
1453489,1181196,789366,10499,333,66,0,0,66.000,695.45
1453489,145489,800190,17634,292,66,0,0,66.000,695.45
1455653,48250,429271,14895,292,66,0,0,66.000,613.11
1455653,176628,236493,9620,292,66,0,0,66.000,613.11
1455653,1322794,1133294,35214,333,66,0,0,66.000,613.11
1455653,373823,1097030,52385,333,66,0,0,66.000,613.11
1455653,715775,1032402,3284,333,66,0,0,66.000,613.11
1455653,28106,1268049,14075,292,66,0,0,66.000,613.11
1455653,134734,60118,19712,292,66,0,0,66.000,613.11
1455653,921179,430986,7582,292,66,0,0,66.000,613.11
1455653,1187650,290356,77468,292,66,0,0,66.000,613.11
1455653,1356739,767014,3655,291,66,0,0,66.000,613.11
1455653,1386610,484948,6039,334,66,0,0,66.000,613.11
1455653,1397058,847996,12259,292,66,0,0,66.000,613.11
1455653,360197,679593,16450,333,66,0,0,66.000,613.11
1455653,119362,1323966,11618,333,66,0,0,66.000,613.11
1455653,99377,848130,13459,333,66,0,0,66.000,613.11
1455653,1098512,1192420,1703,291,66,0,0,66.000,613.11
1455653,598758,1313214,6013,333,66,0,0,66.000,613.11
1455653,1400941,438177,6387,292,66,0,0,66.000,613.11
1455653,330036,267707,60063,292,66,0,0,66.000,613.11
1455653,838312,1144968,16732,333,66,0,0,66.000,613.11
1455959,93977,647866,9302,333,66,0,0,66.000,367.89
1455959,944075,695848,2186,292,66,0,0,66.000,367.89
1455959,444316,1275004,1001,291,66,0,0,66.000,367.89
1455959,495345,1115061,5132,333,66,0,0,66.000,367.89
1455959,805916,1102357,14518,709,66,0,0,66.000,367.89
1455959,459147,1431121,22856,292,66,0,0,66.000,367.89
1455959,1077402,1452339,2888,291,66,0,0,66.000,367.89
1455959,1189341,196140,11914,333,66,0,0,66.000,367.89
1455959,458142,1165508,16243,333,66,0,0,66.000,367.89
1455959,103511,333461,4804,292,66,0,0,66.000,367.89
1455959,1384982,280797,5774,334,66,0,0,66.000,367.89
1455959,450232,161709,17526,334,66,0,0,66.000,367.89
1455959,761073,280718,36025,333,66,0,0,66.000,367.89
1455959,450898,1274223,609,291,66,0,0,66.000,367.89
1455959,419547,161447,14352,291,66,0,0,66.000,367.89
1455959,124857,1370916,25777,333,66,0,0,66.000,367.89
1455959,1100547,1062226,16463,333,66,0,0,66.000,367.89
1455959,749263,324391,4395,333,66,0,0,66.000,367.89
1455959,1187120,329426,17277,375,66,0,0,66.000,367.89
1455959,1260609,747634,1788,292,66,0,0,66.000,367.89
1456229,993733,1068443,1931,291,66,0,0,66.000,233.08
1456229,1027439,85649,17677,333,66,0,0,66.000,233.08
1456229,1221470,952331,11445,292,66,0,0,66.000,233.08
1456229,160156,42469,4052,292,66,0,0,66.000,233.08
1456229,1331439,1321420,2720,291,66,0,0,66.000,233.08
1456229,717207,603367,12538,292,66,0,0,66.000,233.08
1456229,28387,844428,1546,333,66,0,0,66.000,233.08
1456229,1363831,568695,5470,292,66,0,0,66.000,233.08
1456229,1144286,1213752,14409,351,66,0,0,66.000,233.08
1456229,240760,247449,12826,292,66,0,0,66.000,233.08
1456229,709069,1264483,6131,334,66,0,0,66.000,233.08
1456229,1342404,357518,1866,333,66,0,0,66.000,233.08
1456229,1180625,1412552,1853,292,66,0,0,66.000,233.08
1456229,525952,1290238,176,334,66,0,0,66.000,233.08
1456229,973266,154191,9826,291,66,0,0,66.000,233.08
1456229,241861,1209230,1428,291,66,0,0,66.000,233.08
1456229,26247,344922,3714,292,66,0,0,66.000,233.08
1456229,1090053,1045327,7608,291,66,0,0,66.000,233.08
1456229,106349,1057111,6978,292,66,0,0,66.000,233.08
1456229,1248861,833533,23458,292,66,0,0,66.000,233.08
1457503,1258178,1281456,7699,709,66,0,0,66.000,435.02
1457503,757242,349422,4538,333,66,0,0,66.000,435.02
1457503,340830,774926,32345,292,66,0,0,66.000,435.02
1457503,1112240,6530,1792,292,66,0,0,66.000,435.02
1457503,148503,652504,13290,333,66,0,0,66.000,435.02
1457503,324947,89167,24252,292,66,0,0,66.000,435.02
1457503,1062043,807973,38251,334,66,0,0,66.000,435.02
1457503,500333,1132209,243,292,66,0,0,66.000,435.02
1457503,1243520,1202913,211,709,66,0,0,66.000,435.02
1457503,238149,857226,17347,292,66,0,0,66.000,435.02
1457503,267844,110708,8847,334,66,0,0,66.000,435.02
1457503,209136,231654,4088,292,66,0,0,66.000,435.02
1457503,383676,1358887,2821,334,66,0,0,66.000,435.02
1457503,693896,1296481,27922,334,66,0,0,66.000,435.02
1457503,472546,935601,17457,292,66,0,0,66.000,435.02
1457503,1008155,1329674,5766,334,66,0,0,66.000,435.02
1457503,412930,377062,10688,333,66,0,0,66.000,435.02
1457503,869275,131339,7076,291,66,0,0,66.000,435.02
1457503,849021,989134,20130,333,66,0,0,66.000,435.02
1457503,1296755,1346760,30875,267,66,0,0,66.000,435.02
1459589,294690,1400790,2523,334,66,0,0,66.000,250.55
1459589,275512,484664,8124,750,66,0,0,66.000,250.55
1459589,1387750,662307,4963,709,66,0,0,66.000,250.55
1459589,692386,95569,7731,709,66,0,0,66.000,250.55
1459589,218208,1368153,5624,334,66,0,0,66.000,250.55
1459589,1356331,885230,10020,292,66,0,0,66.000,250.55
1459589,1202373,492727,2644,333,66,0,0,66.000,250.55
1459589,954076,1161192,8844,291,66,0,0,66.000,250.55
1459589,1058526,799068,519,333,66,0,0,66.000,250.55
1459589,1286520,850893,9051,333,66,0,0,66.000,250.55
1459589,1025981,1056429,3116,291,66,0,0,66.000,250.55
1459589,1072753,139318,11531,292,66,0,0,66.000,250.55
1459589,232669,1207438,27551,292,66,0,0,66.000,250.55
1459589,1393764,1259841,18759,292,66,0,0,66.000,250.55
1459589,1305362,1129014,1347,292,66,0,0,66.000,250.55
1459589,156649,1349057,302,292,66,0,0,66.000,250.55
1459589,385542,27956,24357,292,66,0,0,66.000,250.55
1459589,595028,423277,5243,292,66,0,0,66.000,250.55
1459589,903548,1408923,2174,333,66,0,0,66.000,250.55
1459589,482142,205219,4345,333,66,0,0,66.000,250.55
1461821,94537,1345752,32418,333,66,0,0,66.000,302.70
1461821,441523,270076,2565,291,66,0,0,66.000,302.70
1461821,1372550,569189,10531,333,66,0,0,66.000,302.70
1461821,1241920,873660,8927,709,66,0,0,66.000,302.70
1461821,740426,381170,2121,334,66,0,0,66.000,302.70
1461821,837558,622469,6283,333,66,0,0,66.000,302.70
1461821,1200398,1190628,3188,333,66,0,0,66.000,302.70
1461821,614087,1131655,12570,292,66,0,0,66.000,302.70
1461821,201458,618490,21515,291,66,0,0,66.000,302.70
1461821,1207916,1320193,10071,291,66,0,0,66.000,302.70
1461821,6371,881152,1268,334,66,0,0,66.000,302.70
1461821,1389407,906497,5333,750,66,0,0,66.000,302.70
1461821,380050,648931,162,333,66,0,0,66.000,302.70
1461821,3515,1064951,3868,334,66,0,0,66.000,302.70
1461821,604538,1365334,4290,291,66,0,0,66.000,302.70
1461821,854197,114625,23659,333,66,0,0,66.000,302.70
1461821,1308857,583346,2047,291,66,0,0,66.000,302.70
1461821,946635,325663,24983,291,66,0,0,66.000,302.70
1461821,1322345,1373928,12669,292,66,0,0,66.000,302.70
1461821,555282,1106495,3560,292,66,0,0,66.000,302.70
1462169,1227226,485069,15809,292,66,0,0,66.000,566.23
1462169,268843,1459464,35,291,66,0,0,66.000,566.23
1462169,1420584,138734,14446,709,66,0,0,66.000,566.23
1462169,528186,461339,4008,292,66,0,0,66.000,566.23
1462169,1345471,1186837,16193,291,66,0,0,66.000,566.23
1462169,244638,746691,27779,334,66,0,0,66.000,566.23
1462169,786169,744927,11378,292,66,0,0,66.000,566.23
1462169,1451174,469374,15419,292,66,0,0,66.000,566.23
1462169,514930,14523,172,291,66,0,0,66.000,566.23
1462169,1345422,858788,6845,333,66,0,0,66.000,566.23
1462169,255522,261748,35733,291,66,0,0,66.000,566.23
1462169,590573,601698,9389,292,66,0,0,66.000,566.23
1462169,1454156,343826,79424,292,66,0,0,66.000,566.23
1462169,5091,650123,8607,333,66,0,0,66.000,566.23
1462169,9224,301545,7275,750,66,0,0,66.000,566.23
1462169,613383,1293060,50192,292,66,0,0,66.000,566.23
1462169,937571,771789,2182,292,66,0,0,66.000,566.23
1462169,1328062,1397487,22640,292,66,0,0,66.000,566.23
1462169,1057092,1155970,21952,333,66,0,0,66.000,566.23
1462169,1204511,561149,9826,750,66,0,0,66.000,566.23
1466057,1257977,143014,25729,292,66,0,0,66.000,398.37
1466057,989496,555478,18299,291,66,0,0,66.000,398.37
1466057,262274,852035,2079,351,66,0,0,66.000,398.37
1466057,167585,1040849,14453,291,66,0,0,66.000,398.37
1466057,1144514,154688,6177,333,66,0,0,66.000,398.37
1466057,1458158,895927,7704,833,66,0,0,66.000,398.37
1466057,1402029,1319998,2986,333,66,0,0,66.000,398.37
1466057,138870,937834,7594,792,66,0,0,66.000,398.37
1466057,1266454,215933,12350,291,66,0,0,66.000,398.37
1466057,467339,1407598,14187,334,66,0,0,66.000,398.37
1466057,538775,921463,3298,292,66,0,0,66.000,398.37
1466057,388814,881210,5834,292,66,0,0,66.000,398.37
1466057,1167412,769886,41635,292,66,0,0,66.000,398.37
1466057,473241,620184,5881,333,66,0,0,66.000,398.37
1466057,38214,28102,11887,292,66,0,0,66.000,398.37
1466057,1056009,1224773,13389,291,66,0,0,66.000,398.37
1466057,985720,825390,7582,292,66,0,0,66.000,398.37
1466057,243621,1220423,21970,291,66,0,0,66.000,398.37
1466057,719796,408850,15130,334,66,0,0,66.000,398.37
1466057,930733,681385,14242,291,66,0,0,66.000,398.37
1466191,457482,322988,11422,292,66,0,0,66.000,309.77
1466191,193428,158819,1885,333,66,0,0,66.000,309.77
1466191,1064728,657046,2332,333,66,0,0,66.000,309.77
1466191,1458416,738144,971,292,66,0,0,66.000,309.77
1466191,1073677,314249,1468,333,66,0,0,66.000,309.77
1466191,163061,1272287,15219,292,66,0,0,66.000,309.77
1466191,1365880,440055,18957,708,66,0,0,66.000,309.77
1466191,1458416,332725,571,291,66,0,0,66.000,309.77
1466191,1260499,1367597,2196,292,66,0,0,66.000,309.77
1466191,1223883,1114687,9978,750,66,0,0,66.000,309.77
1466191,396934,1437079,14613,292,66,0,0,66.000,309.77
1466191,1331953,723767,8936,292,66,0,0,66.000,309.77
1466191,520229,1211204,6845,334,66,0,0,66.000,309.77
1466191,561809,454002,2740,333,66,0,0,66.000,309.77
1466191,119625,857562,5014,291,66,0,0,66.000,309.77
1466191,606128,375820,4255,292,66,0,0,66.000,309.77
1466191,221710,1324843,20268,292,66,0,0,66.000,309.77
1466191,940237,1415537,24107,333,66,0,0,66.000,309.77
1466191,1029068,23353,38108,334,66,0,0,66.000,309.77
1466191,376021,1284806,6416,292,66,0,0,66.000,309.77
1470817,614907,177612,10485,292,66,0,0,66.000,756.45
1470817,523929,35218,7195,334,66,0,0,66.000,756.45
1470817,853314,223794,402,291,66,0,0,66.000,756.45
1470817,289448,378300,19745,292,66,0,0,66.000,756.45
1470817,1184488,1360585,7999,291,66,0,0,66.000,756.45
1470817,1062560,141649,14737,291,66,0,0,66.000,756.45
1470817,1187898,1174169,22317,333,66,0,0,66.000,756.45
1470817,1216706,1251584,14172,292,66,0,0,66.000,756.45
1470817,523093,58865,16780,334,66,0,0,66.000,756.45
1470817,1312727,1049908,13599,292,66,0,0,66.000,756.45
1470817,360068,205597,53211,292,66,0,0,66.000,756.45
1470817,662646,82684,32232,333,66,0,0,66.000,756.45
1470817,380277,983784,47158,292,66,0,0,66.000,756.45
1470817,785147,1191429,9893,292,66,0,0,66.000,756.45
1470817,1231141,847984,19582,308,66,0,0,66.000,756.45
1470817,1468116,1004696,77090,333,66,0,0,66.000,756.45
1470817,899036,1292644,84340,334,66,0,0,66.000,756.45
1470817,863479,1397341,2369,291,66,0,0,66.000,756.45
1470817,875120,704175,4891,334,66,0,0,66.000,756.45
1470817,54508,1048277,21684,292,66,0,0,66.000,756.45
1474843,617177,676162,120,334,66,0,0,66.000,198.43
1474843,683244,707263,4211,291,66,0,0,66.000,198.43
1474843,526587,633157,7833,291,66,0,0,66.000,198.43
1474843,189499,1069909,2872,334,66,0,0,66.000,198.43
1474843,1009424,437537,15925,375,66,0,0,66.000,198.43
1474843,238993,722630,7966,333,66,0,0,66.000,198.43
1474843,626984,917265,8215,292,66,0,0,66.000,198.43
1474843,113085,79151,3497,333,66,0,0,66.000,198.43
1474843,662723,106100,18829,333,66,0,0,66.000,198.43
1474843,277290,723412,502,292,66,0,0,66.000,198.43
1474843,1292203,413029,5971,291,66,0,0,66.000,198.43
1474843,201591,876279,5114,333,66,0,0,66.000,198.43
1474843,250840,946890,235,291,66,0,0,66.000,198.43
1474843,1346374,1033116,15138,292,66,0,0,66.000,198.43
1474843,184369,1040121,404,292,66,0,0,66.000,198.43
1474843,602451,535166,109,292,66,0,0,66.000,198.43
1474843,363519,1227990,897,333,66,0,0,66.000,198.43
1474843,136851,663546,12230,291,66,0,0,66.000,198.43
1474843,714735,916008,10620,333,66,0,0,66.000,198.43
1474843,342225,983787,5092,333,66,0,0,66.000,198.43
1474981,747679,205294,4751,291,66,0,0,66.000,129.72
1474981,1272377,1091889,2929,333,66,0,0,66.000,129.72
1474981,617890,915813,172,310,66,0,0,66.000,129.72
1474981,1351636,715125,4187,333,66,0,0,66.000,129.72
1474981,843238,417307,1306,292,66,0,0,66.000,129.72
1474981,477402,539400,17126,292,66,0,0,66.000,129.72
1474981,595280,421741,1463,333,66,0,0,66.000,129.72
1474981,432538,1047742,15728,726,66,0,0,66.000,129.72
1474981,951015,474556,182,292,66,0,0,66.000,129.72
1474981,812613,1371793,1557,333,66,0,0,66.000,129.72
1474981,148919,1273204,4128,292,66,0,0,66.000,129.72
1474981,1278688,1191597,415,292,66,0,0,66.000,129.72
1474981,411314,1333060,1993,334,66,0,0,66.000,129.72
1474981,140553,643631,8575,292,66,0,0,66.000,129.72
1474981,1011208,1216644,2398,750,66,0,0,66.000,129.72
1474981,137350,261449,1546,292,66,0,0,66.000,129.72
1474981,478290,602600,5146,333,66,0,0,66.000,129.72
1474981,1399308,451811,4952,750,66,0,0,66.000,129.72
1474981,640972,1333575,3221,333,66,0,0,66.000,129.72
1474981,1220406,294180,16,291,66,0,0,66.000,129.72
1480433,431622,1430620,32546,292,66,0,0,66.000,515.58
1480433,630273,650405,12480,334,66,0,0,66.000,515.58
1480433,847724,593354,2051,291,66,0,0,66.000,515.58
1480433,265447,1141901,22025,333,66,0,0,66.000,515.58
1480433,501364,1010033,16557,708,66,0,0,66.000,515.58
1480433,975433,904996,10009,709,66,0,0,66.000,515.58
1480433,83789,973242,1265,291,66,0,0,66.000,515.58
1480433,361759,1480242,19498,292,66,0,0,66.000,515.58
1480433,828928,206451,88554,333,66,0,0,66.000,515.58
1480433,705262,511279,15224,291,66,0,0,66.000,515.58
1480433,1070975,272920,19668,333,66,0,0,66.000,515.58
1480433,166463,41716,6924,292,66,0,0,66.000,515.58
1480433,1018383,1403144,3617,334,66,0,0,66.000,515.58
1480433,1337956,729004,559,292,66,0,0,66.000,515.58
1480433,966479,621330,34590,292,66,0,0,66.000,515.58
1480433,1311850,207942,6103,292,66,0,0,66.000,515.58
1480433,348094,1132666,2735,291,66,0,0,66.000,515.58
1480433,378987,1338916,12203,291,66,0,0,66.000,515.58
1480433,885400,1153633,11736,292,66,0,0,66.000,515.58
1480433,1027316,1077176,8350,291,66,0,0,66.000,515.58
1480663,764122,739246,14470,292,66,0,0,66.000,331.23
1480663,1165637,940001,9770,292,66,0,0,66.000,331.23
1480663,815500,949414,9416,375,66,0,0,66.000,331.23
1480663,1232580,1275783,22501,292,66,0,0,66.000,331.23
1480663,477100,1375991,2885,291,66,0,0,66.000,331.23
1480663,466508,381853,5030,291,66,0,0,66.000,331.23
1480663,549199,1354573,6679,333,66,0,0,66.000,331.23
1480663,322127,600437,3114,333,66,0,0,66.000,331.23
1480663,701140,918822,9119,333,66,0,0,66.000,331.23
1480663,550452,785215,15007,292,66,0,0,66.000,331.23
1480663,480404,399101,11022,333,66,0,0,66.000,331.23
1480663,1031459,749718,6311,292,66,0,0,66.000,331.23
1480663,788570,768380,9332,291,66,0,0,66.000,331.23
1480663,471803,1182088,5257,333,66,0,0,66.000,331.23
1480663,1262942,376634,39558,291,66,0,0,66.000,331.23
1480663,800712,787487,6869,292,66,0,0,66.000,331.23
1480663,650693,740766,5517,333,66,0,0,66.000,331.23
1480663,66545,1466242,13030,292,66,0,0,66.000,331.23
1480663,10599,610885,14032,333,66,0,0,66.000,331.23
1480663,775025,997823,954,333,66,0,0,66.000,331.23
1481033,14860,556978,10416,291,66,0,0,66.000,775.42
1481033,649938,1060677,12807,292,66,0,0,66.000,775.42
1481033,704512,1266214,28093,291,66,0,0,66.000,775.42
1481033,1140356,154732,28235,333,66,0,0,66.000,775.42
1481033,869922,25131,13827,291,66,0,0,66.000,775.42
1481033,738983,422553,42853,334,66,0,0,66.000,775.42
1481033,1008132,398755,32651,292,66,0,0,66.000,775.42
1481033,1273614,1342123,24681,292,66,0,0,66.000,775.42
1481033,1079143,668657,16935,291,66,0,0,66.000,775.42
1481033,332517,1332791,1946,333,66,0,0,66.000,775.42
1481033,1436064,1085926,4914,292,66,0,0,66.000,775.42
1481033,1089969,1090060,6922,333,66,0,0,66.000,775.42
1481033,433481,651192,49173,291,66,0,0,66.000,775.42
1481033,804397,207759,11453,333,66,0,0,66.000,775.42
1481033,971838,933690,41518,292,66,0,0,66.000,775.42
1481033,120402,452722,10813,333,66,0,0,66.000,775.42
1481033,119305,325072,77053,291,66,0,0,66.000,775.42
1481033,993711,615628,11031,333,66,0,0,66.000,775.42
1481033,228947,1148319,41026,292,66,0,0,66.000,775.42
1481033,696589,1049294,25454,334,66,0,0,66.000,775.42
1482337,873799,931508,12396,333,66,0,0,66.000,375.03
1482337,644769,903365,841,333,66,0,0,66.000,375.03
1482337,234359,1395581,7861,291,66,0,0,66.000,375.03
1482337,179931,338807,12810,291,66,0,0,66.000,375.03
1482337,572780,92015,3939,292,66,0,0,66.000,375.03
1482337,763942,1091981,2238,291,66,0,0,66.000,375.03
1482337,77655,1462830,16437,334,66,0,0,66.000,375.03
1482337,486991,818659,4714,291,66,0,0,66.000,375.03
1482337,475904,993365,56909,291,66,0,0,66.000,375.03
1482337,741504,1173529,14364,292,66,0,0,66.000,375.03
1482337,1218552,724903,2209,291,66,0,0,66.000,375.03
1482337,586020,169021,3451,291,66,0,0,66.000,375.03
1482337,938102,1041120,14314,333,66,0,0,66.000,375.03
1482337,510599,536267,9549,334,66,0,0,66.000,375.03
1482337,502974,485922,23546,334,66,0,0,66.000,375.03
1482337,20441,983761,4367,292,66,0,0,66.000,375.03
1482337,95999,905284,13552,334,66,0,0,66.000,375.03
1482337,410846,1479610,11557,333,66,0,0,66.000,375.03
1482337,1231478,755533,4929,333,66,0,0,66.000,375.03
1482337,1033983,350652,17681,291,66,0,0,66.000,375.03
1484837,264693,508024,19960,334,66,0,0,66.000,529.17
1484837,426202,1414518,659,292,66,0,0,66.000,529.17
1484837,721838,1042377,6197,333,66,0,0,66.000,529.17
1484837,899795,160142,1881,291,66,0,0,66.000,529.17
1484837,833409,539663,995,292,66,0,0,66.000,529.17
1484837,143812,64190,6460,333,66,0,0,66.000,529.17
1484837,734618,379342,7760,333,66,0,0,66.000,529.17
1484837,341485,117021,4226,333,66,0,0,66.000,529.17
1484837,1117012,261472,21740,291,66,0,0,66.000,529.17
1484837,1247986,401113,15224,292,66,0,0,66.000,529.17
1484837,1430498,222954,7313,333,66,0,0,66.000,529.17
1484837,449878,1409197,6355,333,66,0,0,66.000,529.17
1484837,883494,477080,4730,333,66,0,0,66.000,529.17
1484837,874563,452957,38309,334,66,0,0,66.000,529.17
1484837,300956,412933,38180,333,66,0,0,66.000,529.17
1484837,514930,899345,52841,292,66,0,0,66.000,529.17
1484837,534716,986659,27033,333,66,0,0,66.000,529.17
1484837,1104476,274424,29252,333,66,0,0,66.000,529.17
1484837,974518,1153274,22524,291,66,0,0,66.000,529.17
1484837,1086719,1152003,23250,291,66,0,0,66.000,529.17
1485199,1368542,167052,7490,333,66,0,0,66.000,335.82
1485199,301542,855971,12979,333,66,0,0,66.000,335.82
1485199,844699,344733,11338,334,66,0,0,66.000,335.82
1485199,322672,70349,2003,709,66,0,0,66.000,335.82
1485199,1326259,380453,7666,334,66,0,0,66.000,335.82
1485199,108601,845875,13046,750,66,0,0,66.000,335.82
1485199,219507,1073552,1370,333,66,0,0,66.000,335.82
1485199,1288437,112669,3233,291,66,0,0,66.000,335.82
1485199,1277925,272123,8268,708,66,0,0,66.000,335.82
1485199,881350,1322708,1858,333,66,0,0,66.000,335.82
1485199,1414495,1237674,561,334,66,0,0,66.000,335.82
1485199,362056,978976,9636,291,66,0,0,66.000,335.82
1485199,616679,1007627,7411,292,66,0,0,66.000,335.82
1485199,729094,1369626,4267,291,66,0,0,66.000,335.82
1485199,448067,605906,15381,708,66,0,0,66.000,335.82
1485199,75375,989102,504,334,66,0,0,66.000,335.82
1485199,180238,683501,31803,333,66,0,0,66.000,335.82
1485199,1465537,1271002,24299,334,66,0,0,66.000,335.82
1485199,1239720,880519,33986,292,66,0,0,66.000,335.82
1485199,1108129,389315,15583,292,66,0,0,66.000,335.82
1486847,858763,460542,1341,292,66,0,0,66.000,232.85
1486847,1053012,1435891,1085,292,66,0,0,66.000,232.85
1486847,104856,279208,16772,333,66,0,0,66.000,232.85
1486847,40393,1084241,15377,333,66,0,0,66.000,232.85
1486847,1111580,869080,11653,333,66,0,0,66.000,232.85
1486847,1263750,1241267,7565,334,66,0,0,66.000,232.85
1486847,573178,757686,6753,334,66,0,0,66.000,232.85
1486847,803033,13917,8495,292,66,0,0,66.000,232.85
1486847,332678,1117609,795,333,66,0,0,66.000,232.85
1486847,41116,534468,6590,292,66,0,0,66.000,232.85
1486847,1024811,809050,530,292,66,0,0,66.000,232.85
1486847,721593,396749,6990,292,66,0,0,66.000,232.85
1486847,508492,172797,6127,708,66,0,0,66.000,232.85
1486847,378172,1104709,7356,334,66,0,0,66.000,232.85
1486847,1157176,344443,6638,292,66,0,0,66.000,232.85
1486847,254944,1398548,3414,333,66,0,0,66.000,232.85
1486847,37435,690269,15009,333,66,0,0,66.000,232.85
1486847,630820,258043,211,292,66,0,0,66.000,232.85
1486847,569378,779605,13123,292,66,0,0,66.000,232.85
1486847,1311354,792262,11528,292,66,0,0,66.000,232.85
1487711,508727,150451,35222,334,66,0,0,66.000,439.18
1487711,786610,400921,2205,333,66,0,0,66.000,439.18
1487711,1401708,1335791,8279,709,66,0,0,66.000,439.18
1487711,559835,1155658,8495,292,66,0,0,66.000,439.18
1487711,458951,349428,19704,292,66,0,0,66.000,439.18
1487711,666523,277663,11025,291,66,0,0,66.000,439.18
1487711,1141933,20882,13875,334,66,0,0,66.000,439.18
1487711,388703,451845,21504,292,66,0,0,66.000,439.18
1487711,480682,889313,6668,333,66,0,0,66.000,439.18
1487711,1049068,274557,15454,291,66,0,0,66.000,439.18
1487711,265744,9306,2398,333,66,0,0,66.000,439.18
1487711,916223,953489,3912,334,66,0,0,66.000,439.18
1487711,414278,1185715,29605,334,66,0,0,66.000,439.18
1487711,1388065,1225690,17000,333,66,0,0,66.000,439.18
1487711,848961,242205,13171,334,66,0,0,66.000,439.18
1487711,358527,2025,7638,333,66,0,0,66.000,439.18
1487711,600922,149837,1391,333,66,0,0,66.000,439.18
1487711,631493,194648,14544,375,66,0,0,66.000,439.18
1487711,1092293,1249147,34638,291,66,0,0,66.000,439.18
1487711,1471314,370843,11359,292,66,0,0,66.000,439.18
1489051,935263,546745,18204,292,66,0,0,66.000,176.62
1489051,1400272,255857,7597,708,66,0,0,66.000,176.62
1489051,470913,1309393,2379,291,66,0,0,66.000,176.62
1489051,346905,672557,1877,334,66,0,0,66.000,176.62
1489051,68573,1360091,11082,292,66,0,0,66.000,176.62
1489051,943065,662566,251,333,66,0,0,66.000,176.62
1489051,665022,328137,8670,291,66,0,0,66.000,176.62
1489051,324831,1312566,1763,333,66,0,0,66.000,176.62
1489051,182260,352532,3315,333,66,0,0,66.000,176.62
1489051,640727,960167,1922,708,66,0,0,66.000,176.62
1489051,1096046,1287558,3377,291,66,0,0,66.000,176.62
1489051,63586,886556,14317,333,66,0,0,66.000,176.62
1489051,964685,1036532,6259,334,66,0,0,66.000,176.62
1489051,407652,359172,2664,292,66,0,0,66.000,176.62
1489051,1253709,1387653,5833,292,66,0,0,66.000,176.62
1489051,67493,674527,7198,333,66,0,0,66.000,176.62
1489051,1274089,206195,6323,292,66,0,0,66.000,176.62
1489051,989307,435557,3392,291,66,0,0,66.000,176.62
1489051,883720,348355,3325,292,66,0,0,66.000,176.62
1489051,1323445,1415398,2203,333,66,0,0,66.000,176.62
1491013,1187984,1220176,5925,292,66,0,0,66.000,185.49
1491013,545458,973586,423,333,66,0,0,66.000,185.49
1491013,1050176,49328,2676,292,66,0,0,66.000,185.49
1491013,1086314,47667,881,292,66,0,0,66.000,185.49
1491013,393956,1043357,12124,333,66,0,0,66.000,185.49
1491013,429749,836680,4604,333,66,0,0,66.000,185.49
1491013,1211666,1091708,2760,333,66,0,0,66.000,185.49
1491013,788571,1368752,8087,333,66,0,0,66.000,185.49
1491013,1251374,1176509,3719,334,66,0,0,66.000,185.49
1491013,1260579,1189335,644,333,66,0,0,66.000,185.49
1491013,1296167,673792,12464,333,66,0,0,66.000,185.49
1491013,194846,611355,13632,292,66,0,0,66.000,185.49
1491013,1433275,647748,518,708,66,0,0,66.000,185.49
1491013,614557,1265371,9127,333,66,0,0,66.000,185.49
1491013,345973,189603,1942,333,66,0,0,66.000,185.49
1491013,352938,265264,19317,333,66,0,0,66.000,185.49
1491013,687829,1048147,6273,333,66,0,0,66.000,185.49
1491013,219034,1302269,257,292,66,0,0,66.000,185.49
1491013,1186856,850497,3776,334,66,0,0,66.000,185.49
1491013,244263,1070096,7943,292,66,0,0,66.000,185.49
1491977,69678,783767,14014,291,66,0,0,66.000,244.51
1491977,764301,849841,5311,292,66,0,0,66.000,244.51
1491977,51502,1144342,17441,292,66,0,0,66.000,244.51
1491977,1073418,175465,18984,292,66,0,0,66.000,244.51
1491977,1290004,1307343,2755,292,66,0,0,66.000,244.51
1491977,632923,675983,9031,292,66,0,0,66.000,244.51
1491977,1486894,333665,2560,291,66,0,0,66.000,244.51
1491977,267973,1023664,2897,334,66,0,0,66.000,244.51
1491977,296477,1248400,5688,333,66,0,0,66.000,244.51
1491977,467906,143220,13513,333,66,0,0,66.000,244.51
1491977,137627,1269728,5452,334,66,0,0,66.000,244.51
1491977,1439015,1260769,3943,333,66,0,0,66.000,244.51
1491977,1422945,216709,1787,750,66,0,0,66.000,244.51
1491977,1250363,25714,1188,333,66,0,0,66.000,244.51
1491977,1430052,278779,3227,292,66,0,0,66.000,244.51
1491977,258121,887649,7090,292,66,0,0,66.000,244.51
1491977,276280,1364817,1531,291,66,0,0,66.000,244.51
1491977,1145551,6341,11637,292,66,0,0,66.000,244.51
1491977,1099330,153171,16725,291,66,0,0,66.000,244.51
1491977,306393,1000624,9945,292,66,0,0,66.000,244.51
1492063,133104,1160298,48505,708,66,0,0,66.000,453.21
1492063,802203,666219,12665,708,66,0,0,66.000,453.21
1492063,535891,908850,2064,333,66,0,0,66.000,453.21
1492063,1407723,632551,15098,333,66,0,0,66.000,453.21
1492063,899859,499537,14220,292,66,0,0,66.000,453.21
1492063,834648,721987,30954,291,66,0,0,66.000,453.21
1492063,881486,177530,3158,292,66,0,0,66.000,453.21
1492063,573001,827696,6042,291,66,0,0,66.000,453.21
1492063,1200005,1168717,13889,333,66,0,0,66.000,453.21
1492063,382604,712782,17635,292,66,0,0,66.000,453.21
1492063,1425749,1252285,443,292,66,0,0,66.000,453.21
1492063,100290,1450388,9840,291,66,0,0,66.000,453.21
1492063,1309190,803344,38518,291,66,0,0,66.000,453.21
1492063,248467,52582,30908,333,66,0,0,66.000,453.21
1492063,411159,1384502,7427,292,66,0,0,66.000,453.21
1492063,386381,996798,9963,334,66,0,0,66.000,453.21
1492063,1070862,1122474,917,292,66,0,0,66.000,453.21
1492063,1443569,801711,1800,333,66,0,0,66.000,453.21
1492063,1429019,1490351,2883,333,66,0,0,66.000,453.21
1492063,976737,1017033,20001,292,66,0,0,66.000,453.21
1493099,1085034,1423767,5423,334,66,0,0,66.000,323.57
1493099,332950,25811,24007,334,66,0,0,66.000,323.57
1493099,492887,336193,6726,292,66,0,0,66.000,323.57
1493099,1249324,130586,12905,333,66,0,0,66.000,323.57
1493099,1288747,525215,8491,334,66,0,0,66.000,323.57
1493099,1246875,844432,1470,334,66,0,0,66.000,323.57
1493099,883208,325543,7938,292,66,0,0,66.000,323.57
1493099,1350426,767823,6089,292,66,0,0,66.000,323.57
1493099,80230,524839,3863,291,66,0,0,66.000,323.57
1493099,48567,239831,23012,333,66,0,0,66.000,323.57
1493099,1160252,911324,4266,333,66,0,0,66.000,323.57
1493099,882183,1268309,33112,334,66,0,0,66.000,323.57
1493099,723972,1168406,10853,750,66,0,0,66.000,323.57
1493099,1081099,1064406,6251,291,66,0,0,66.000,323.57
1493099,1213364,1130895,7713,292,66,0,0,66.000,323.57
1493099,760440,1338854,11764,292,66,0,0,66.000,323.57
1493099,584916,153775,467,334,66,0,0,66.000,323.57
1493099,257133,556145,192,291,66,0,0,66.000,323.57
1493099,1309468,984829,22640,334,66,0,0,66.000,323.57
1493099,205589,403083,7669,292,66,0,0,66.000,323.57
1493749,491253,830281,6915,708,66,0,0,66.000,696.28
1493749,1175049,923489,51833,292,66,0,0,66.000,696.28
1493749,643332,1128142,973,292,66,0,0,66.000,696.28
1493749,88757,1089860,1266,292,66,0,0,66.000,696.28
1493749,155781,415143,10671,292,66,0,0,66.000,696.28
1493749,188314,1081114,27575,292,66,0,0,66.000,696.28
1493749,508652,710698,21736,292,66,0,0,66.000,696.28
1493749,1469222,1451112,31071,708,66,0,0,66.000,696.28
1493749,625521,1057570,478,291,66,0,0,66.000,696.28
1493749,1488773,1341034,23477,292,66,0,0,66.000,696.28
1493749,1122048,780103,30367,292,66,0,0,66.000,696.28
1493749,88757,550595,37845,292,66,0,0,66.000,696.28
1493749,785232,102553,18653,292,66,0,0,66.000,696.28
1493749,470534,610720,18638,292,66,0,0,66.000,696.28
1493749,1334323,336936,63898,750,66,0,0,66.000,696.28
1493749,969649,1028899,33647,708,66,0,0,66.000,696.28
1493749,734944,425227,25777,292,66,0,0,66.000,696.28
1493749,915324,470111,24136,334,66,0,0,66.000,696.28
1493749,917746,415708,3326,334,66,0,0,66.000,696.28
1493749,1122166,445577,9165,333,66,0,0,66.000,696.28
1495463,815238,30852,6685,750,66,0,0,66.000,425.33
1495463,1337935,1362361,2527,291,66,0,0,66.000,425.33
1495463,1027908,1022065,5109,334,66,0,0,66.000,425.33
1495463,1351722,233944,4398,333,66,0,0,66.000,425.33
1495463,1257877,1477,639,333,66,0,0,66.000,425.33
1495463,135169,222365,14600,333,66,0,0,66.000,425.33
1495463,55822,735512,3726,292,66,0,0,66.000,425.33
1495463,1019851,1308423,4554,292,66,0,0,66.000,425.33
1495463,1268044,632281,907,333,66,0,0,66.000,425.33
1495463,937710,37905,12209,292,66,0,0,66.000,425.33
1495463,741254,1299743,1689,292,66,0,0,66.000,425.33
1495463,283882,102957,17884,333,66,0,0,66.000,425.33
1495463,428784,779381,21964,750,66,0,0,66.000,425.33
1495463,915584,93574,29591,333,66,0,0,66.000,425.33
1495463,1121236,705655,11665,291,66,0,0,66.000,425.33
1495463,537092,1365524,11411,292,66,0,0,66.000,425.33
1495463,1293361,1259035,34867,334,66,0,0,66.000,425.33
1495463,1396677,1261977,82311,292,66,0,0,66.000,425.33
1495463,117255,219154,583,292,66,0,0,66.000,425.33
1495463,723680,1239122,1668,292,66,0,0,66.000,425.33
1495777,545643,1421741,21309,291,66,0,0,66.000,524.66
1495777,1351380,14197,11350,333,66,0,0,66.000,524.66
1495777,600939,786836,4572,292,66,0,0,66.000,524.66
1495777,705194,759497,18690,333,66,0,0,66.000,524.66
1495777,1425506,506332,9216,333,66,0,0,66.000,524.66
1495777,249188,1208253,36378,333,66,0,0,66.000,524.66
1495777,1112903,200544,1266,292,66,0,0,66.000,524.66
1495777,143927,615931,8610,291,66,0,0,66.000,524.66
1495777,737712,538155,44680,292,66,0,0,66.000,524.66
1495777,91525,437206,30161,292,66,0,0,66.000,524.66
1495777,664617,15733,15269,292,66,0,0,66.000,524.66
1495777,820137,372252,6515,291,66,0,0,66.000,524.66
1495777,514750,1294508,15703,334,66,0,0,66.000,524.66
1495777,1043921,1209353,22776,291,66,0,0,66.000,524.66
1495777,937406,1233839,17695,291,66,0,0,66.000,524.66
1495777,342226,644065,10521,750,66,0,0,66.000,524.66
1495777,675258,542895,12829,292,66,0,0,66.000,524.66
1495777,41340,1246826,11081,292,66,0,0,66.000,524.66
1495777,1317202,793275,31205,292,66,0,0,66.000,524.66
1495777,517423,1002101,2683,333,66,0,0,66.000,524.66
1496779,662140,274125,5031,292,66,0,0,66.000,352.20
1496779,801968,141535,29036,708,66,0,0,66.000,352.20
1496779,574628,395026,2737,333,66,0,0,66.000,352.20
1496779,176974,216925,8224,292,66,0,0,66.000,352.20
1496779,220806,663085,4237,333,66,0,0,66.000,352.20
1496779,795447,533205,3473,292,66,0,0,66.000,352.20
1496779,491800,699571,7562,333,66,0,0,66.000,352.20
1496779,824187,80251,14141,333,66,0,0,66.000,352.20
1496779,273452,553657,6889,292,66,0,0,66.000,352.20
1496779,526233,400247,106,333,66,0,0,66.000,352.20
1496779,1423928,740723,2674,333,66,0,0,66.000,352.20
1496779,580200,1107754,2577,291,66,0,0,66.000,352.20
1496779,1236546,1305718,5240,333,66,0,0,66.000,352.20
1496779,644738,542953,3132,292,66,0,0,66.000,352.20
1496779,1453683,297142,19215,291,66,0,0,66.000,352.20
1496779,69627,699067,1324,292,66,0,0,66.000,352.20
1496779,43255,418890,42422,292,66,0,0,66.000,352.20
1496779,1131604,462199,32206,333,66,0,0,66.000,352.20
1496779,662456,706089,25361,334,66,0,0,66.000,352.20
1496779,1052935,1326155,7444,333,66,0,0,66.000,352.20
1498829,513268,132052,3651,291,66,0,0,66.000,224.37
1498829,890114,16539,990,333,66,0,0,66.000,224.37
1498829,11481,948317,184,334,66,0,0,66.000,224.37
1498829,841235,74469,2235,291,66,0,0,66.000,224.37
1498829,428772,968593,7782,291,66,0,0,66.000,224.37
1498829,611875,1464447,2596,291,66,0,0,66.000,224.37
1498829,353696,1361526,5183,333,66,0,0,66.000,224.37
1498829,211537,164891,2772,709,66,0,0,66.000,224.37
1498829,923016,722255,1182,750,66,0,0,66.000,224.37
1498829,1441888,1067708,8501,292,66,0,0,66.000,224.37
1498829,183123,131921,3729,292,66,0,0,66.000,224.37
1498829,789195,530609,4063,334,66,0,0,66.000,224.37
1498829,1227525,534409,7754,333,66,0,0,66.000,224.37
1498829,337634,1323372,4650,292,66,0,0,66.000,224.37
1498829,605425,1179431,12356,292,66,0,0,66.000,224.37
1498829,837356,26874,31979,333,66,0,0,66.000,224.37
1498829,959554,1467425,3779,333,66,0,0,66.000,224.37
1498829,107171,950694,6750,333,66,0,0,66.000,224.37
1498829,508308,1153783,20034,333,66,0,0,66.000,224.37
1498829,348563,1248838,12052,292,66,0,0,66.000,224.37
1499321,1134510,697540,2659,334,66,0,0,66.000,213.64
1499321,25980,1058974,7925,291,66,0,0,66.000,213.64
1499321,400210,271217,6801,333,66,0,0,66.000,213.64
1499321,1280547,643280,12560,292,66,0,0,66.000,213.64
1499321,1084232,623245,15050,375,66,0,0,66.000,213.64
1499321,266093,82047,2914,291,66,0,0,66.000,213.64
1499321,307289,1096307,5536,334,66,0,0,66.000,213.64
1499321,1094977,677340,9635,333,66,0,0,66.000,213.64
1499321,756226,443366,4063,292,66,0,0,66.000,213.64
1499321,1475203,319186,1979,333,66,0,0,66.000,213.64
1499321,1101733,736291,15502,334,66,0,0,66.000,213.64
1499321,1327542,1418090,4937,291,66,0,0,66.000,213.64
1499321,759100,523068,3254,292,66,0,0,66.000,213.64
1499321,218631,387448,4308,334,66,0,0,66.000,213.64
1499321,1327244,914656,10158,333,66,0,0,66.000,213.64
1499321,1283207,350587,2666,292,66,0,0,66.000,213.64
1499321,10644,454472,93,333,66,0,0,66.000,213.64
1499321,576128,171830,2095,375,66,0,0,66.000,213.64
1499321,1344395,1140769,22396,750,66,0,0,66.000,213.64
1499321,919882,196863,730,333,66,0,0,66.000,213.64
1499933,1260359,609414,5693,333,66,0,0,66.000,153.11
1499933,1451007,209734,10551,333,66,0,0,66.000,153.11
1499933,1437784,944721,2168,333,66,0,0,66.000,153.11
1499933,1392782,110855,3881,292,66,0,0,66.000,153.11
1499933,1348869,993718,7955,292,66,0,0,66.000,153.11
1499933,1421273,959855,1812,333,66,0,0,66.000,153.11
1499933,899747,1445043,5510,709,66,0,0,66.000,153.11
1499933,184707,1310746,10242,375,66,0,0,66.000,153.11
1499933,1483190,613677,4263,292,66,0,0,66.000,153.11
1499933,1425544,1084833,758,291,66,0,0,66.000,153.11
1499933,1124520,992258,10210,291,66,0,0,66.000,153.11
1499933,52237,349924,1896,708,66,0,0,66.000,153.11
1499933,1393845,535792,9480,292,66,0,0,66.000,153.11
1499933,531212,896819,3496,334,66,0,0,66.000,153.11
1499933,363427,205884,285,292,66,0,0,66.000,153.11
1499933,1418684,1379169,104,291,66,0,0,66.000,153.11
1499933,835710,76999,7119,291,66,0,0,66.000,153.11
1499933,1171853,798431,1943,334,66,0,0,66.000,153.11
1499933,325293,978562,288,291,66,0,0,66.000,153.11
1499933,1243148,100857,9237,292,66,0,0,66.000,153.11
1506551,1258837,947745,1219,292,66,0,0,66.000,450.47
1506551,296998,1204663,5546,333,66,0,0,66.000,450.47
1506551,1248435,112518,726,292,66,0,0,66.000,450.47
1506551,1302705,15354,1363,709,66,0,0,66.000,450.47
1506551,895850,444242,1483,292,66,0,0,66.000,450.47
1506551,1228212,211623,17823,292,66,0,0,66.000,450.47
1506551,477572,746746,15757,333,66,0,0,66.000,450.47
1506551,162844,181991,21354,291,66,0,0,66.000,450.47
1506551,778269,236957,6937,334,66,0,0,66.000,450.47
1506551,770797,964549,10849,292,66,0,0,66.000,450.47
1506551,409951,1225573,11078,708,66,0,0,66.000,450.47
1506551,1244472,622098,15655,333,66,0,0,66.000,450.47
1506551,538361,1362003,19318,292,66,0,0,66.000,450.47
1506551,104309,817000,15208,333,66,0,0,66.000,450.47
1506551,4102,502631,29006,333,66,0,0,66.000,450.47
1506551,123338,1056948,68213,333,66,0,0,66.000,450.47
1506551,869874,492135,6123,333,66,0,0,66.000,450.47
1506551,1057308,500600,29123,292,66,0,0,66.000,450.47
1506551,404609,908609,1444,291,66,0,0,66.000,450.47
1506551,1425268,1273636,7292,291,66,0,0,66.000,450.47
1507837,1178191,1238002,6305,750,66,0,0,66.000,308.18
1507837,917185,1034886,1828,333,66,0,0,66.000,308.18
1507837,648827,1212010,8319,334,66,0,0,66.000,308.18
1507837,1055032,1061396,1970,292,66,0,0,66.000,308.18
1507837,1180739,494458,1840,292,66,0,0,66.000,308.18
1507837,240811,10595,136,334,66,0,0,66.000,308.18
1507837,198583,644939,7192,292,66,0,0,66.000,308.18
1507837,929307,676227,16188,309,66,0,0,66.000,308.18
1507837,965549,721477,18493,291,66,0,0,66.000,308.18
1507837,940290,851383,1949,750,66,0,0,66.000,308.18
1507837,629513,1285138,21301,292,66,0,0,66.000,308.18
1507837,538578,876362,4515,292,66,0,0,66.000,308.18
1507837,993770,1014287,28024,292,66,0,0,66.000,308.18
1507837,199596,489298,3973,291,66,0,0,66.000,308.18
1507837,1279735,1145826,11546,291,66,0,0,66.000,308.18
1507837,801773,1232624,5868,292,66,0,0,66.000,308.18
1507837,574925,1305901,21412,291,66,0,0,66.000,308.18
1507837,1067635,804008,6453,291,66,0,0,66.000,308.18
1507837,19322,123349,11462,292,66,0,0,66.000,308.18
1507837,1146622,519533,16350,334,66,0,0,66.000,308.18
1508719,1122227,1034064,57999,333,66,0,0,66.000,535.09
1508719,1485948,589346,34926,334,66,0,0,66.000,535.09
1508719,1207931,581027,30933,291,66,0,0,66.000,535.09
1508719,178062,276854,411,333,66,0,0,66.000,535.09
1508719,778482,834366,24704,292,66,0,0,66.000,535.09
1508719,486768,795976,26257,292,66,0,0,66.000,535.09
1508719,824143,339291,1508,750,66,0,0,66.000,535.09
1508719,787552,647851,2174,333,66,0,0,66.000,535.09
1508719,1257965,1024777,12367,334,66,0,0,66.000,535.09
1508719,182612,1247458,8898,292,66,0,0,66.000,535.09
1508719,1487890,462726,11394,292,66,0,0,66.000,535.09
1508719,1358179,870373,1813,292,66,0,0,66.000,535.09
1508719,1170490,955354,18089,750,66,0,0,66.000,535.09
1508719,376684,1211829,9463,292,66,0,0,66.000,535.09
1508719,1460584,387080,29370,333,66,0,0,66.000,535.09
1508719,109265,1198214,458,292,66,0,0,66.000,535.09
1508719,708002,1198947,14728,291,66,0,0,66.000,535.09
1508719,817597,327732,29594,333,66,0,0,66.000,535.09
1508719,450099,842059,18290,333,66,0,0,66.000,535.09
1508719,907727,993399,5797,333,66,0,0,66.000,535.09
1508977,1345082,1094680,11434,333,66,0,0,66.000,225.66
1508977,1436297,1189874,3134,333,66,0,0,66.000,225.66
1508977,776438,1419644,8299,333,66,0,0,66.000,225.66
1508977,10086,1120135,17634,292,66,0,0,66.000,225.66
1508977,344315,1427022,229,334,66,0,0,66.000,225.66
1508977,719306,970332,454,291,66,0,0,66.000,225.66
1508977,945855,227702,10259,291,66,0,0,66.000,225.66
1508977,600787,661288,1552,333,66,0,0,66.000,225.66
1508977,406610,997604,4611,292,66,0,0,66.000,225.66
1508977,45506,309384,16137,291,66,0,0,66.000,225.66
1508977,1118050,1467377,6448,292,66,0,0,66.000,225.66
1508977,619671,523139,6148,333,66,0,0,66.000,225.66
1508977,1221260,1409533,5252,292,66,0,0,66.000,225.66
1508977,1147957,1433437,1788,291,66,0,0,66.000,225.66
1508977,1251420,248176,9198,334,66,0,0,66.000,225.66
1508977,435704,103291,5378,334,66,0,0,66.000,225.66
1508977,67152,197774,14968,333,66,0,0,66.000,225.66
1508977,1081798,183292,15158,333,66,0,0,66.000,225.66
1508977,269665,272562,4346,292,66,0,0,66.000,225.66
1508977,1468280,1286727,547,291,66,0,0,66.000,225.66
1512299,588751,1400789,17278,291,66,0,0,66.000,285.38
1512299,368192,137684,5347,292,66,0,0,66.000,285.38
1512299,1240889,51129,16930,292,66,0,0,66.000,285.38
1512299,1055250,182049,5773,291,66,0,0,66.000,285.38
1512299,1281156,773676,36138,333,66,0,0,66.000,285.38
1512299,1165173,56716,4011,333,66,0,0,66.000,285.38
1512299,312154,708267,3064,333,66,0,0,66.000,285.38
1512299,269275,864994,2544,291,66,0,0,66.000,285.38
1512299,66524,980043,13628,292,66,0,0,66.000,285.38
1512299,602599,38252,17494,333,66,0,0,66.000,285.38
1512299,1416826,569442,8825,291,66,0,0,66.000,285.38
1512299,673592,1215458,7956,291,66,0,0,66.000,285.38
1512299,117910,691500,5618,333,66,0,0,66.000,285.38
1512299,807616,451734,4052,334,66,0,0,66.000,285.38
1512299,7800,11508,9318,291,66,0,0,66.000,285.38
1512299,224307,483034,2570,333,66,0,0,66.000,285.38
1512299,1250908,607954,12792,334,66,0,0,66.000,285.38
1512299,1483680,1500153,666,750,66,0,0,66.000,285.38
1512299,215822,756942,2141,333,66,0,0,66.000,285.38
1512299,1470635,430740,4342,333,66,0,0,66.000,285.38
1513511,198787,246178,12792,333,66,0,0,66.000,218.01
1513511,1303809,703271,16238,292,66,0,0,66.000,218.01
1513511,1418034,95024,1443,334,66,0,0,66.000,218.01
1513511,1091531,1224919,1523,292,66,0,0,66.000,218.01
1513511,1305879,217828,37,291,66,0,0,66.000,218.01
1513511,173355,806737,17617,334,66,0,0,66.000,218.01
1513511,294472,1444712,892,292,66,0,0,66.000,218.01
1513511,680129,667829,1224,708,66,0,0,66.000,218.01
1513511,478662,1130783,5112,416,66,0,0,66.000,218.01
1513511,352805,448700,4959,292,66,0,0,66.000,218.01
1513511,1424934,904906,2968,292,66,0,0,66.000,218.01
1513511,127170,84112,8598,333,66,0,0,66.000,218.01
1513511,467991,769132,2378,334,66,0,0,66.000,218.01
1513511,1424773,364872,4912,291,66,0,0,66.000,218.01
1513511,854568,706803,15599,292,66,0,0,66.000,218.01
1513511,15707,381681,18140,333,66,0,0,66.000,218.01
1513511,398595,1290623,2180,334,66,0,0,66.000,218.01
1513511,1437660,1512508,1637,292,66,0,0,66.000,218.01
1513511,134329,360482,12077,334,66,0,0,66.000,218.01
1513511,761439,1460881,7736,334,66,0,0,66.000,218.01
1514027,1284849,1134028,11181,291,66,0,0,66.000,503.96
1514027,342533,708675,6960,708,66,0,0,66.000,503.96
1514027,1295589,348022,36471,709,66,0,0,66.000,503.96
1514027,523223,334460,7574,292,66,0,0,66.000,503.96
1514027,1156033,1497149,45716,291,66,0,0,66.000,503.96
1514027,335046,1289616,14612,334,66,0,0,66.000,503.96
1514027,76894,801395,15754,333,66,0,0,66.000,503.96
1514027,1326091,1035738,10355,292,66,0,0,66.000,503.96
1514027,685404,1363171,12078,292,66,0,0,66.000,503.96
1514027,1206369,489369,2090,334,66,0,0,66.000,503.96
1514027,309034,109463,27826,333,66,0,0,66.000,503.96
1514027,822817,35178,43841,292,66,0,0,66.000,503.96
1514027,309721,919151,7314,292,66,0,0,66.000,503.96
1514027,1172044,641830,16692,750,66,0,0,66.000,503.96
1514027,431532,157502,9449,334,66,0,0,66.000,503.96
1514027,1443363,1447141,6710,334,66,0,0,66.000,503.96
1514027,691210,71522,1783,333,66,0,0,66.000,503.96
1514027,842658,1463312,13893,292,66,0,0,66.000,503.96
1514027,1292296,194948,14533,292,66,0,0,66.000,503.96
1514027,723169,1510544,14362,292,66,0,0,66.000,503.96
1514099,797193,131742,14762,292,66,0,0,66.000,309.97
1514099,980921,1484081,6533,292,66,0,0,66.000,309.97
1514099,783902,566995,406,291,66,0,0,66.000,309.97
1514099,1221221,1292885,1007,333,66,0,0,66.000,309.97
1514099,1078664,13498,532,334,66,0,0,66.000,309.97
1514099,613957,1092150,2697,334,66,0,0,66.000,309.97
1514099,1236754,737719,14288,292,66,0,0,66.000,309.97
1514099,1231718,133593,4083,291,66,0,0,66.000,309.97
1514099,854149,131951,1886,291,66,0,0,66.000,309.97
1514099,981677,1240632,20254,333,66,0,0,66.000,309.97
1514099,442618,1445582,5527,333,66,0,0,66.000,309.97
1514099,527965,383429,14557,292,66,0,0,66.000,309.97
1514099,154345,292789,5212,292,66,0,0,66.000,309.97
1514099,1248303,574985,8127,292,66,0,0,66.000,309.97
1514099,475348,895993,31521,708,66,0,0,66.000,309.97
1514099,952976,541449,6814,292,66,0,0,66.000,309.97
1514099,691009,387238,35297,292,66,0,0,66.000,309.97
1514099,258742,683148,1967,291,66,0,0,66.000,309.97
1514099,85057,270756,15999,291,66,0,0,66.000,309.97
1514099,1000053,99935,4781,291,66,0,0,66.000,309.97
1514399,1426799,1356618,14785,333,66,0,0,66.000,295.81
1514399,1299030,796417,6595,292,66,0,0,66.000,295.81
1514399,784492,924738,8360,291,66,0,0,66.000,295.81
1514399,112927,906719,19600,708,66,0,0,66.000,295.81
1514399,709081,650773,3869,334,66,0,0,66.000,295.81
1514399,477333,1188628,1953,292,66,0,0,66.000,295.81
1514399,987477,1428345,14810,333,66,0,0,66.000,295.81
1514399,885500,550881,3918,292,66,0,0,66.000,295.81
1514399,968471,497609,12629,334,66,0,0,66.000,295.81
1514399,432043,353986,12138,292,66,0,0,66.000,295.81
1514399,850445,269528,10382,291,66,0,0,66.000,295.81
1514399,958845,493906,12619,333,66,0,0,66.000,295.81
1514399,300660,254734,2195,334,66,0,0,66.000,295.81
1514399,625772,497562,26436,334,66,0,0,66.000,295.81
1514399,259430,1332191,24059,292,66,0,0,66.000,295.81
1514399,258434,1235148,4886,333,66,0,0,66.000,295.81
1514399,1238310,308922,6725,292,66,0,0,66.000,295.81
1514399,791924,411557,712,291,66,0,0,66.000,295.81
1514399,360364,585001,97,292,66,0,0,66.000,295.81
1514399,547763,841292,711,292,66,0,0,66.000,295.81
1517647,71918,120146,6402,292,66,0,0,66.000,279.99
1517647,394380,750816,11227,291,66,0,0,66.000,279.99
1517647,499258,430484,2074,292,66,0,0,66.000,279.99
1517647,1328765,1221617,3393,292,66,0,0,66.000,279.99
1517647,1375439,13195,25114,292,66,0,0,66.000,279.99
1517647,409608,342511,19637,833,66,0,0,66.000,279.99
1517647,1488047,1508106,15285,292,66,0,0,66.000,279.99
1517647,978499,157501,317,334,66,0,0,66.000,279.99
1517647,731846,174623,3669,292,66,0,0,66.000,279.99
1517647,178507,1422132,4630,291,66,0,0,66.000,279.99
1517647,82638,1199239,15690,333,66,0,0,66.000,279.99
1517647,383814,409356,11013,750,66,0,0,66.000,279.99
1517647,178781,1216263,13719,333,66,0,0,66.000,279.99
1517647,599886,160736,5715,709,66,0,0,66.000,279.99
1517647,877389,590940,5091,292,66,0,0,66.000,279.99
1517647,454250,795136,1363,750,66,0,0,66.000,279.99
1517647,556950,181412,23979,333,66,0,0,66.000,279.99
1517647,947881,956374,4014,292,66,0,0,66.000,279.99
1517647,406149,89028,2946,291,66,0,0,66.000,279.99
1517647,818469,850292,1946,708,66,0,0,66.000,279.99
1518883,97115,252557,1510,291,66,0,0,66.000,472.45
1518883,808980,96690,4428,291,66,0,0,66.000,472.45
1518883,213660,1411132,6525,333,66,0,0,66.000,472.45
1518883,1231250,232675,6682,333,66,0,0,66.000,472.45
1518883,1434851,459194,1607,292,66,0,0,66.000,472.45
1518883,1340123,1331025,5516,291,66,0,0,66.000,472.45
1518883,1074498,1490727,16242,291,66,0,0,66.000,472.45
1518883,1251307,423516,48387,291,66,0,0,66.000,472.45
1518883,1189451,358241,1177,292,66,0,0,66.000,472.45
1518883,110810,1142620,4485,333,66,0,0,66.000,472.45
1518883,1255467,964199,7712,375,66,0,0,66.000,472.45
1518883,221099,706573,10078,334,66,0,0,66.000,472.45
1518883,459072,1202409,46278,333,66,0,0,66.000,472.45
1518883,141826,2405,20122,292,66,0,0,66.000,472.45
1518883,1178261,782192,51421,334,66,0,0,66.000,472.45
1518883,422721,717242,11772,333,66,0,0,66.000,472.45
1518883,1169860,1075920,23998,333,66,0,0,66.000,472.45
1518883,1065044,1144723,16819,333,66,0,0,66.000,472.45
1518883,624171,1264820,3630,334,66,0,0,66.000,472.45
1518883,609779,195498,11103,292,66,0,0,66.000,472.45
1520221,1439586,1253740,211,291,66,0,0,66.000,610.81
1520221,837606,921709,26208,292,66,0,0,66.000,610.81
1520221,356242,829714,788,292,66,0,0,66.000,610.81
1520221,88950,656102,421,333,66,0,0,66.000,610.81
1520221,504849,656428,34128,292,66,0,0,66.000,610.81
1520221,1160302,938184,15506,292,66,0,0,66.000,610.81
1520221,837430,1346136,49397,750,66,0,0,66.000,610.81
1520221,74714,483348,9774,292,66,0,0,66.000,610.81
1520221,898700,507666,11757,292,66,0,0,66.000,610.81
1520221,47402,1505681,3283,291,66,0,0,66.000,610.81
1520221,202394,1436765,365,334,66,0,0,66.000,610.81
1520221,582895,418417,40845,333,66,0,0,66.000,610.81
1520221,362171,1472039,46330,292,66,0,0,66.000,610.81
1520221,1243622,86452,1771,334,66,0,0,66.000,610.81
1520221,1515368,995822,7996,292,66,0,0,66.000,610.81
1520221,1062861,1319183,13755,333,66,0,0,66.000,610.81
1520221,818210,1286032,50977,292,66,0,0,66.000,610.81
1520221,266312,1301738,6606,292,66,0,0,66.000,610.81
1520221,141439,1470128,61613,333,66,0,0,66.000,610.81
1520221,520638,1148466,5354,333,66,0,0,66.000,610.81
1520639,499697,358422,5385,292,66,0,0,66.000,436.18
1520639,1464766,543485,13017,333,66,0,0,66.000,436.18
1520639,42285,89711,1821,292,66,0,0,66.000,436.18
1520639,1363041,62167,12686,334,66,0,0,66.000,436.18
1520639,580624,292069,41672,292,66,0,0,66.000,436.18
1520639,1513598,696227,41256,292,66,0,0,66.000,436.18
1520639,526637,169676,21726,708,66,0,0,66.000,436.18
1520639,620286,1005580,2367,292,66,0,0,66.000,436.18
1520639,679971,1291504,19517,292,66,0,0,66.000,436.18
1520639,1371428,1422637,239,334,66,0,0,66.000,436.18
1520639,1148776,1433160,41652,750,66,0,0,66.000,436.18
1520639,158643,1245819,39336,333,66,0,0,66.000,436.18
1520639,645468,1055145,4677,417,66,0,0,66.000,436.18
1520639,945611,658170,1367,333,66,0,0,66.000,436.18
1520639,1096171,1285646,891,291,66,0,0,66.000,436.18
1520639,531358,1391374,2129,334,66,0,0,66.000,436.18
1520639,1022768,62433,584,291,66,0,0,66.000,436.18
1520639,649932,67817,2740,708,66,0,0,66.000,436.18
1520639,270959,1330847,21189,291,66,0,0,66.000,436.18
1520639,906551,913015,1793,333,66,0,0,66.000,436.18
1523567,794892,1390092,6571,292,66,0,0,66.000,247.05
1523567,69990,537106,1536,292,66,0,0,66.000,247.05
1523567,1260086,1099650,2958,291,66,0,0,66.000,247.05
1523567,1290927,1144936,16481,292,66,0,0,66.000,247.05
1523567,661743,600059,6323,334,66,0,0,66.000,247.05
1523567,609692,42586,15072,334,66,0,0,66.000,247.05
1523567,1474568,1307948,5249,333,66,0,0,66.000,247.05
1523567,224537,1316387,9409,292,66,0,0,66.000,247.05
1523567,149838,1409638,7647,334,66,0,0,66.000,247.05
1523567,108954,1465533,3880,291,66,0,0,66.000,247.05
1523567,51301,390189,19439,292,66,0,0,66.000,247.05
1523567,172167,1394693,5322,333,66,0,0,66.000,247.05
1523567,1329510,752845,998,292,66,0,0,66.000,247.05
1523567,437062,1184622,4489,291,66,0,0,66.000,247.05
1523567,212566,1320794,28099,333,66,0,0,66.000,247.05
1523567,749725,960447,2947,333,66,0,0,66.000,247.05
1523567,890320,1119323,109,333,66,0,0,66.000,247.05
1523567,730447,1204139,8574,334,66,0,0,66.000,247.05
1523567,776397,1433900,8205,292,66,0,0,66.000,247.05
1523567,170145,1475683,3157,334,66,0,0,66.000,247.05
1523749,1217454,282422,4437,292,66,0,0,66.000,177.41
1523749,815136,1143403,14804,292,66,0,0,66.000,177.41
1523749,1218280,1345614,749,333,66,0,0,66.000,177.41
1523749,839070,1218896,13744,291,66,0,0,66.000,177.41
1523749,542879,81542,226,292,66,0,0,66.000,177.41
1523749,1480572,1339194,22535,291,66,0,0,66.000,177.41
1523749,342721,777679,1521,708,66,0,0,66.000,177.41
1523749,423586,685851,5343,292,66,0,0,66.000,177.41
1523749,1125467,738418,317,291,66,0,0,66.000,177.41
1523749,1262312,1184215,3980,292,66,0,0,66.000,177.41
1523749,424920,841305,3307,792,66,0,0,66.000,177.41
1523749,255600,369009,1786,291,66,0,0,66.000,177.41
1523749,644930,1457741,4263,333,66,0,0,66.000,177.41
1523749,1413161,102430,3947,333,66,0,0,66.000,177.41
1523749,1141904,1306393,2166,334,66,0,0,66.000,177.41
1523749,1098829,1479229,11722,750,66,0,0,66.000,177.41
1523749,1125569,652605,1704,333,66,0,0,66.000,177.41
1523749,766386,1349545,1788,333,66,0,0,66.000,177.41
1523749,796973,236376,12024,291,66,0,0,66.000,177.41
1523749,1080467,832614,2007,292,66,0,0,66.000,177.41
1524023,242435,276781,35,291,66,0,0,66.000,332.70
1524023,265904,953110,67,334,66,0,0,66.000,332.70
1524023,392866,630205,16532,333,66,0,0,66.000,332.70
1524023,1367988,692083,12665,333,66,0,0,66.000,332.70
1524023,660980,644564,8062,292,66,0,0,66.000,332.70
1524023,1072862,916384,6084,708,66,0,0,66.000,332.70
1524023,429023,606214,4565,292,66,0,0,66.000,332.70
1524023,1110375,655202,4689,291,66,0,0,66.000,332.70
1524023,1523039,193981,1588,291,66,0,0,66.000,332.70
1524023,278788,353077,3891,292,66,0,0,66.000,332.70
1524023,858726,338164,64429,292,66,0,0,66.000,332.70
1524023,609393,941520,5487,291,66,0,0,66.000,332.70
1524023,1491471,1237443,1597,333,66,0,0,66.000,332.70
1524023,597113,1462895,1959,333,66,0,0,66.000,332.70
1524023,997204,1173535,10734,291,66,0,0,66.000,332.70
1524023,865490,1133446,6224,292,66,0,0,66.000,332.70
1524023,519759,1439449,6401,333,66,0,0,66.000,332.70
1524023,568444,764613,15975,292,66,0,0,66.000,332.70
1524023,31515,851803,13401,292,66,0,0,66.000,332.70
1524023,895402,1244217,26256,708,66,0,0,66.000,332.70
1526339,536086,530304,8165,708,66,0,0,66.000,805.06
1526339,766047,673245,97382,292,66,0,0,66.000,805.06
1526339,626246,299612,27853,750,66,0,0,66.000,805.06
1526339,897656,1158459,37564,333,66,0,0,66.000,805.06
1526339,108974,1206874,1195,291,66,0,0,66.000,805.06
1526339,629755,1276399,53335,333,66,0,0,66.000,805.06
1526339,1295167,1029036,123221,334,66,0,0,66.000,805.06
1526339,1455790,1346643,11889,292,66,0,0,66.000,805.06
1526339,589975,592930,703,292,66,0,0,66.000,805.06
1526339,734462,1060828,24994,292,66,0,0,66.000,805.06
1526339,1326552,992440,4873,333,66,0,0,66.000,805.06
1526339,309665,1462311,9600,708,66,0,0,66.000,805.06
1526339,515541,138583,13752,291,66,0,0,66.000,805.06
1526339,1340500,1036902,12579,292,66,0,0,66.000,805.06
1526339,416263,720023,2955,333,66,0,0,66.000,805.06
1526339,299052,1408209,1028,333,66,0,0,66.000,805.06
1526339,369973,48287,58827,292,66,0,0,66.000,805.06
1526339,88028,1020153,5377,333,66,0,0,66.000,805.06
1526339,468170,168433,6102,334,66,0,0,66.000,805.06
1526339,83684,298327,8782,334,66,0,0,66.000,805.06
1527313,370634,971153,12091,292,66,0,0,66.000,625.69
1527313,802149,783443,68383,333,66,0,0,66.000,625.69
1527313,146518,709555,5568,333,66,0,0,66.000,625.69
1527313,871056,1383632,370,292,66,0,0,66.000,625.69
1527313,1023161,323561,15051,292,66,0,0,66.000,625.69
1527313,537950,659024,7234,292,66,0,0,66.000,625.69
1527313,707006,382895,13173,333,66,0,0,66.000,625.69
1527313,457914,1364308,5374,291,66,0,0,66.000,625.69
1527313,207889,1024282,26287,333,66,0,0,66.000,625.69
1527313,204686,441923,12083,291,66,0,0,66.000,625.69
1527313,1367791,930755,32415,334,66,0,0,66.000,625.69
1527313,1438418,623757,27396,333,66,0,0,66.000,625.69
1527313,1426880,1525008,23782,292,66,0,0,66.000,625.69
1527313,693769,131554,2007,709,66,0,0,66.000,625.69
1527313,782687,1278849,29266,292,66,0,0,66.000,625.69
1527313,1389812,1183173,27539,333,66,0,0,66.000,625.69
1527313,207752,1106983,57161,334,66,0,0,66.000,625.69
1527313,1351880,359008,8091,291,66,0,0,66.000,625.69
1527313,1284198,717114,21851,333,66,0,0,66.000,625.69
1527313,613069,203313,1039,333,66,0,0,66.000,625.69
1527629,1307740,132737,53694,333,66,0,0,66.000,736.01
1527629,81127,619709,12510,292,66,0,0,66.000,736.01
1527629,795421,434864,28950,709,66,0,0,66.000,736.01
1527629,501254,575718,9734,750,66,0,0,66.000,736.01
1527629,408272,507002,21505,333,66,0,0,66.000,736.01
1527629,241188,1044056,10732,291,66,0,0,66.000,736.01
1527629,803251,202259,2672,291,66,0,0,66.000,736.01
1527629,1004267,578623,4482,292,66,0,0,66.000,736.01
1527629,1429965,244882,10083,333,66,0,0,66.000,736.01
1527629,716530,456538,17682,334,66,0,0,66.000,736.01
1527629,176320,205685,14392,292,66,0,0,66.000,736.01
1527629,811409,631657,34554,334,66,0,0,66.000,736.01
1527629,623085,174907,16604,292,66,0,0,66.000,736.01
1527629,961830,278381,8412,291,66,0,0,66.000,736.01
1527629,531385,565787,62715,292,66,0,0,66.000,736.01
1527629,12709,1267738,52198,334,66,0,0,66.000,736.01
1527629,839590,1279850,21075,333,66,0,0,66.000,736.01
1527629,1222314,794493,8207,768,66,0,0,66.000,736.01
1527629,1131440,1295317,46005,292,66,0,0,66.000,736.01
1527629,1229566,367379,30263,292,66,0,0,66.000,736.01
1530779,1190849,517432,3066,291,66,0,0,66.000,282.29
1530779,231490,936362,2674,292,66,0,0,66.000,282.29
1530779,566572,781202,23989,292,66,0,0,66.000,282.29
1530779,518378,1232465,5758,750,66,0,0,66.000,282.29
1530779,154468,272149,3234,292,66,0,0,66.000,282.29
1530779,761306,1211437,4847,292,66,0,0,66.000,282.29
1530779,1415635,464370,11601,334,66,0,0,66.000,282.29
1530779,640286,1373512,1692,292,66,0,0,66.000,282.29
1530779,470281,575350,15989,333,66,0,0,66.000,282.29
1530779,1100918,510989,5769,334,66,0,0,66.000,282.29
1530779,922096,906885,16941,291,66,0,0,66.000,282.29
1530779,1354670,1183457,399,291,66,0,0,66.000,282.29
1530779,463998,1200329,37518,292,66,0,0,66.000,282.29
1530779,58055,962604,105,291,66,0,0,66.000,282.29
1530779,55194,1278368,16608,333,66,0,0,66.000,282.29
1530779,378373,59357,6602,292,66,0,0,66.000,282.29
1530779,1058686,350497,2610,291,66,0,0,66.000,282.29
1530779,1490821,545521,1650,292,66,0,0,66.000,282.29
1530779,1009607,958688,11338,333,66,0,0,66.000,282.29
1530779,797992,236744,6372,334,66,0,0,66.000,282.29
1537721,668398,1098290,9426,333,66,0,0,66.000,388.00
1537721,575843,1116285,46503,292,66,0,0,66.000,388.00
1537721,680359,678184,6177,333,66,0,0,66.000,388.00
1537721,977581,125998,14903,291,66,0,0,66.000,388.00
1537721,363274,237024,1568,292,66,0,0,66.000,388.00
1537721,176652,1439782,2686,292,66,0,0,66.000,388.00
1537721,1301472,1341146,5377,292,66,0,0,66.000,388.00
1537721,1374532,1027009,18802,333,66,0,0,66.000,388.00
1537721,551502,393509,19659,333,66,0,0,66.000,388.00
1537721,680543,906402,11355,334,66,0,0,66.000,388.00
1537721,547673,650992,15628,750,66,0,0,66.000,388.00
1537721,1048860,1351769,5187,292,66,0,0,66.000,388.00
1537721,448307,654403,35570,292,66,0,0,66.000,388.00
1537721,802586,1351755,19588,333,66,0,0,66.000,388.00
1537721,1290270,1363162,5726,334,66,0,0,66.000,388.00
1537721,1209059,717644,3085,291,66,0,0,66.000,388.00
1537721,1498494,832740,5700,292,66,0,0,66.000,388.00
1537721,511017,971709,658,333,66,0,0,66.000,388.00
1537721,621213,641264,238,750,66,0,0,66.000,388.00
1537721,1303548,1439065,17878,334,66,0,0,66.000,388.00
1541209,452745,910422,3483,333,66,0,0,66.000,167.45
1541209,149834,501385,4050,334,66,0,0,66.000,167.45
1541209,651700,556447,1150,334,66,0,0,66.000,167.45
1541209,1385504,1377905,728,292,66,0,0,66.000,167.45
1541209,606309,951896,3675,291,66,0,0,66.000,167.45
1541209,284234,365941,4737,334,66,0,0,66.000,167.45
1541209,1159980,768188,5825,292,66,0,0,66.000,167.45
1541209,1326044,803352,3262,292,66,0,0,66.000,167.45
1541209,558051,477091,5764,292,66,0,0,66.000,167.45
1541209,647806,831369,9518,375,66,0,0,66.000,167.45
1541209,877301,155825,4275,292,66,0,0,66.000,167.45
1541209,1475035,1280300,24338,333,66,0,0,66.000,167.45
1541209,201108,1529198,4973,334,66,0,0,66.000,167.45
1541209,1350372,481802,4286,292,66,0,0,66.000,167.45
1541209,693929,1457095,3035,291,66,0,0,66.000,167.45
1541209,1170931,239736,3641,292,66,0,0,66.000,167.45
1541209,917160,100004,8172,334,66,0,0,66.000,167.45
1541209,529289,218900,1646,334,66,0,0,66.000,167.45
1541209,89693,944725,8970,292,66,0,0,66.000,167.45
1541209,1437235,193872,651,333,66,0,0,66.000,167.45
1542071,687463,1143759,122,334,66,0,0,66.000,250.97
1542071,526783,275795,7033,292,66,0,0,66.000,250.97
1542071,684165,866607,1099,333,66,0,0,66.000,250.97
1542071,1266764,93105,12256,334,66,0,0,66.000,250.97
1542071,522371,506111,453,333,66,0,0,66.000,250.97
1542071,261996,1516212,14155,292,66,0,0,66.000,250.97
1542071,912653,983585,620,292,66,0,0,66.000,250.97
1542071,1230567,1325831,47573,292,66,0,0,66.000,250.97
1542071,1467506,243398,2345,292,66,0,0,66.000,250.97
1542071,1020080,189102,46,292,66,0,0,66.000,250.97
1542071,1396620,11130,489,333,66,0,0,66.000,250.97
1542071,451454,1093345,1502,333,66,0,0,66.000,250.97
1542071,1386229,134287,2016,292,66,0,0,66.000,250.97
1542071,1408900,836013,3835,334,66,0,0,66.000,250.97
1542071,175201,1219308,6950,292,66,0,0,66.000,250.97
1542071,853614,814163,9538,292,66,0,0,66.000,250.97
1542071,101947,1504038,2582,334,66,0,0,66.000,250.97
1542071,1134207,197400,9726,291,66,0,0,66.000,250.97
1542071,234118,1165090,29087,333,66,0,0,66.000,250.97
1542071,1052543,1320052,7430,333,66,0,0,66.000,250.97
1542841,913545,634934,49376,292,66,0,0,66.000,710.93
1542841,214988,1530377,42291,292,66,0,0,66.000,710.93
1542841,1288480,1099774,7665,291,66,0,0,66.000,710.93
1542841,1124517,19345,4315,333,66,0,0,66.000,710.93
1542841,1187081,1336745,21460,334,66,0,0,66.000,710.93
1542841,286646,1213254,42716,291,66,0,0,66.000,710.93
1542841,1529251,786596,38920,292,66,0,0,66.000,710.93
1542841,233057,1409458,8979,333,66,0,0,66.000,710.93
1542841,122339,576754,19252,334,66,0,0,66.000,710.93
1542841,1094859,955869,45836,292,66,0,0,66.000,710.93
1542841,1088062,1330480,23097,333,66,0,0,66.000,710.93
1542841,472048,1196713,16268,709,66,0,0,66.000,710.93
1542841,307009,133324,12855,333,66,0,0,66.000,710.93
1542841,761418,130632,4398,291,66,0,0,66.000,710.93
1542841,748105,1427322,20567,333,66,0,0,66.000,710.93
1542841,11908,220577,8400,334,66,0,0,66.000,710.93
1542841,82225,598285,6350,291,66,0,0,66.000,710.93
1542841,1218788,609631,64702,291,66,0,0,66.000,710.93
1542841,1290481,411955,7831,333,66,0,0,66.000,710.93
1542841,811324,781223,5386,334,66,0,0,66.000,710.93
1542991,860684,880006,4776,292,66,0,0,66.000,369.51
1542991,719199,303741,5443,291,66,0,0,66.000,369.51
1542991,266351,1532001,5773,709,66,0,0,66.000,369.51
1542991,1424559,160620,556,292,66,0,0,66.000,369.51
1542991,164524,667001,7732,333,66,0,0,66.000,369.51
1542991,564402,1036445,7733,333,66,0,0,66.000,369.51
1542991,928062,349730,21996,292,66,0,0,66.000,369.51
1542991,1214386,59088,7115,292,66,0,0,66.000,369.51
1542991,711605,1321566,16202,291,66,0,0,66.000,369.51
1542991,1093831,1355168,11956,292,66,0,0,66.000,369.51
1542991,995731,604950,2810,334,66,0,0,66.000,369.51
1542991,357012,125650,46923,292,66,0,0,66.000,369.51
1542991,1171175,1395940,19907,291,66,0,0,66.000,369.51
1542991,16809,267580,2646,333,66,0,0,66.000,369.51
1542991,122485,847787,939,292,66,0,0,66.000,369.51
1542991,9495,391544,3299,333,66,0,0,66.000,369.51
1542991,232173,1148503,1032,333,66,0,0,66.000,369.51
1542991,277399,920410,8105,292,66,0,0,66.000,369.51
1542991,111156,1265880,50438,292,66,0,0,66.000,369.51
1542991,412011,1343227,8684,750,66,0,0,66.000,369.51
1544659,214232,312615,15324,334,66,0,0,66.000,325.40
1544659,836536,301912,27612,350,66,0,0,66.000,325.40
1544659,425286,805178,13661,292,66,0,0,66.000,325.40
1544659,1314717,546345,25657,292,66,0,0,66.000,325.40
1544659,1290948,1186449,451,292,66,0,0,66.000,325.40
1544659,618159,183550,6890,708,66,0,0,66.000,325.40
1544659,38463,1261798,5121,291,66,0,0,66.000,325.40
1544659,1098272,1451287,9418,292,66,0,0,66.000,325.40
1544659,143665,1067395,21156,292,66,0,0,66.000,325.40
1544659,442529,913217,799,333,66,0,0,66.000,325.40
1544659,986405,414413,1442,750,66,0,0,66.000,325.40
1544659,152640,1008543,520,334,66,0,0,66.000,325.40
1544659,1277203,1468222,10713,291,66,0,0,66.000,325.40
1544659,196738,1219294,11268,291,66,0,0,66.000,325.40
1544659,748969,704138,5233,334,66,0,0,66.000,325.40
1544659,223434,348529,21434,292,66,0,0,66.000,325.40
1544659,1128564,258589,7697,334,66,0,0,66.000,325.40
1544659,816988,573402,6143,291,66,0,0,66.000,325.40
1544659,655704,1031882,13405,334,66,0,0,66.000,325.40
1544659,1440724,416569,1826,333,66,0,0,66.000,325.40
1546361,189777,944820,3260,292,66,0,0,66.000,180.58
1546361,770647,886524,25237,334,66,0,0,66.000,180.58
1546361,895767,115944,225,333,66,0,0,66.000,180.58
1546361,1008104,1133453,5703,292,66,0,0,66.000,180.58
1546361,1212615,1390687,593,334,66,0,0,66.000,180.58
1546361,953014,1454120,7273,292,66,0,0,66.000,180.58
1546361,1232276,471228,12249,334,66,0,0,66.000,180.58
1546361,114057,1224517,2,334,66,0,0,66.000,180.58
1546361,39764,414260,1855,333,66,0,0,66.000,180.58
1546361,964214,341596,753,333,66,0,0,66.000,180.58
1546361,15174,195105,884,292,66,0,0,66.000,180.58
1546361,133868,346082,4525,333,66,0,0,66.000,180.58
1546361,1399706,1218363,15061,292,66,0,0,66.000,180.58
1546361,1536348,1043854,3375,334,66,0,0,66.000,180.58
1546361,1262317,1116080,8473,334,66,0,0,66.000,180.58
1546361,715221,1354132,2295,291,66,0,0,66.000,180.58
1546361,228983,1297798,5749,333,66,0,0,66.000,180.58
1546361,532129,888775,666,333,66,0,0,66.000,180.58
1546361,294998,317785,389,291,66,0,0,66.000,180.58
1546361,161131,1308695,15830,292,66,0,0,66.000,180.58
1548983,1125714,316080,580,333,66,0,0,66.000,104.13
1548983,1451246,140701,5575,750,66,0,0,66.000,104.13
1548983,986257,1286749,2379,292,66,0,0,66.000,104.13
1548983,782820,559723,3622,292,66,0,0,66.000,104.13
1548983,1446661,910679,1513,333,66,0,0,66.000,104.13
1548983,448647,1203993,13541,292,66,0,0,66.000,104.13
1548983,716748,377826,1060,291,66,0,0,66.000,104.13
1548983,581581,104331,3710,292,66,0,0,66.000,104.13
1548983,1312602,738605,478,291,66,0,0,66.000,104.13
1548983,828707,889525,3000,708,66,0,0,66.000,104.13
1548983,306297,521712,2347,709,66,0,0,66.000,104.13
1548983,844109,38438,9892,334,66,0,0,66.000,104.13
1548983,649315,1346104,3042,292,66,0,0,66.000,104.13
1548983,1083332,54294,4949,292,66,0,0,66.000,104.13
1548983,586834,406426,150,334,66,0,0,66.000,104.13
1548983,237879,197373,114,334,66,0,0,66.000,104.13
1548983,649853,857354,844,292,66,0,0,66.000,104.13
1548983,767768,176019,1807,292,66,0,0,66.000,104.13
1548983,498422,331558,4086,291,66,0,0,66.000,104.13
1548983,1003111,957319,2829,333,66,0,0,66.000,104.13
1549087,323804,1099143,6933,292,66,0,0,66.000,385.49
1549087,1421576,989444,30057,334,66,0,0,66.000,385.49
1549087,600432,1548445,15241,292,66,0,0,66.000,385.49
1549087,757253,80600,582,333,66,0,0,66.000,385.49
1549087,1341995,1318732,19646,333,66,0,0,66.000,385.49
1549087,221412,43835,25675,292,66,0,0,66.000,385.49
1549087,872997,217263,11639,291,66,0,0,66.000,385.49
1549087,775161,898663,3327,334,66,0,0,66.000,385.49
1549087,1167325,316382,11415,291,66,0,0,66.000,385.49
1549087,1011816,644913,9766,292,66,0,0,66.000,385.49
1549087,701478,219450,9075,333,66,0,0,66.000,385.49
1549087,735099,121518,7295,334,66,0,0,66.000,385.49
1549087,1076111,1205241,26656,292,66,0,0,66.000,385.49
1549087,358864,664320,1851,334,66,0,0,66.000,385.49
1549087,1164919,159526,4748,334,66,0,0,66.000,385.49
1549087,873686,43667,6373,292,66,0,0,66.000,385.49
1549087,391274,1482364,14586,333,66,0,0,66.000,385.49
1549087,859619,1209132,30878,709,66,0,0,66.000,385.49
1549087,1175708,1112217,8312,292,66,0,0,66.000,385.49
1549087,459236,298129,16,292,66,0,0,66.000,385.49
1551793,378401,572412,15674,334,66,0,0,66.000,675.07
1551793,971580,1221511,3532,333,66,0,0,66.000,675.07
1551793,427783,1239105,37233,333,66,0,0,66.000,675.07
1551793,1049443,1331855,40672,334,66,0,0,66.000,675.07
1551793,1263341,42409,12279,292,66,0,0,66.000,675.07
1551793,975623,1545860,10568,292,66,0,0,66.000,675.07
1551793,414494,322737,26594,334,66,0,0,66.000,675.07
1551793,1139190,367848,41079,292,66,0,0,66.000,675.07
1551793,1193915,1109547,68817,291,66,0,0,66.000,675.07
1551793,420543,172791,31282,333,66,0,0,66.000,675.07
1551793,1058455,406775,12606,292,66,0,0,66.000,675.07
1551793,701068,797474,2715,708,66,0,0,66.000,675.07
1551793,828417,777757,659,291,66,0,0,66.000,675.07
1551793,1482773,433187,1548,292,66,0,0,66.000,675.07
1551793,1508063,106607,21075,375,66,0,0,66.000,675.07
1551793,1159911,1129137,30984,334,66,0,0,66.000,675.07
1551793,1335047,1246106,11365,333,66,0,0,66.000,675.07
1551793,1340327,617192,42443,292,66,0,0,66.000,675.07
1551793,711624,420397,14056,750,66,0,0,66.000,675.07
1551793,929013,953062,2283,375,66,0,0,66.000,675.07
1552843,251840,1522739,18337,333,66,0,0,66.000,463.82
1552843,365238,1347356,6098,333,66,0,0,66.000,463.82
1552843,606616,1116364,2812,291,66,0,0,66.000,463.82
1552843,53411,574917,1988,292,66,0,0,66.000,463.82
1552843,493378,302379,43502,333,66,0,0,66.000,463.82
1552843,1280762,423293,37970,291,66,0,0,66.000,463.82
1552843,1013659,717234,9698,291,66,0,0,66.000,463.82
1552843,1053494,5469,9536,291,66,0,0,66.000,463.82
1552843,600715,1458970,23748,333,66,0,0,66.000,463.82
1552843,1245514,1329578,19579,333,66,0,0,66.000,463.82
1552843,165723,665877,2812,333,66,0,0,66.000,463.82
1552843,269458,725727,6516,334,66,0,0,66.000,463.82
1552843,1323007,840643,49954,292,66,0,0,66.000,463.82
1552843,992633,183590,4673,292,66,0,0,66.000,463.82
1552843,590720,971994,25146,334,66,0,0,66.000,463.82
1552843,973066,417852,4979,291,66,0,0,66.000,463.82
1552843,187032,31442,9642,333,66,0,0,66.000,463.82
1552843,450230,233632,2168,292,66,0,0,66.000,463.82
1552843,1170087,969054,9189,334,66,0,0,66.000,463.82
1552843,1308084,1019558,5439,334,66,0,0,66.000,463.82
1553927,872264,1033183,40111,333,66,0,0,66.000,521.99
1553927,1345866,824060,13609,333,66,0,0,66.000,521.99
1553927,856934,1463231,33010,292,66,0,0,66.000,521.99
1553927,451205,123193,9815,292,66,0,0,66.000,521.99
1553927,690999,122830,4586,334,66,0,0,66.000,521.99
1553927,721107,587702,8166,334,66,0,0,66.000,521.99
1553927,955996,90585,42961,333,66,0,0,66.000,521.99
1553927,1099127,1343485,24439,292,66,0,0,66.000,521.99
1553927,538610,581960,18978,333,66,0,0,66.000,521.99
1553927,267164,1520961,9359,292,66,0,0,66.000,521.99
1553927,1262374,875274,22935,417,66,0,0,66.000,521.99
1553927,351467,816099,13828,292,66,0,0,66.000,521.99
1553927,374917,1525254,14904,292,66,0,0,66.000,521.99
1553927,1195360,999926,2256,292,66,0,0,66.000,521.99
1553927,1240347,16214,13362,333,66,0,0,66.000,521.99
1553927,306802,576483,7528,291,66,0,0,66.000,521.99
1553927,1178796,63705,31532,292,66,0,0,66.000,521.99
1553927,1023442,429739,3559,292,66,0,0,66.000,521.99
1553927,177153,312362,4066,708,66,0,0,66.000,521.99
1553927,428158,1168160,11434,333,66,0,0,66.000,521.99
1558283,1220661,961470,24023,291,66,0,0,66.000,269.06
1558283,166622,13641,7705,708,66,0,0,66.000,269.06
1558283,1377834,510791,19302,334,66,0,0,66.000,269.06
1558283,1255987,1222888,8980,334,66,0,0,66.000,269.06
1558283,704532,1275088,5684,291,66,0,0,66.000,269.06
1558283,309077,911929,303,292,66,0,0,66.000,269.06
1558283,215372,1505582,2120,292,66,0,0,66.000,269.06
1558283,1390018,1032182,1034,334,66,0,0,66.000,269.06
1558283,1137901,625692,15597,334,66,0,0,66.000,269.06
1558283,527597,1456527,10754,292,66,0,0,66.000,269.06
1558283,69798,227327,6054,292,66,0,0,66.000,269.06
1558283,691144,333929,7933,750,66,0,0,66.000,269.06
1558283,943257,445639,7697,333,66,0,0,66.000,269.06
1558283,55073,903684,12419,708,66,0,0,66.000,269.06
1558283,936585,1189124,18690,333,66,0,0,66.000,269.06
1558283,111223,892220,1462,334,66,0,0,66.000,269.06
1558283,1027028,1130431,1979,292,66,0,0,66.000,269.06
1558283,597245,1298613,3871,292,66,0,0,66.000,269.06
1558283,680493,174344,11544,291,66,0,0,66.000,269.06
1558283,1268125,1081555,1353,334,66,0,0,66.000,269.06
1558877,1161370,934179,2062,292,66,0,0,66.000,300.67
1558877,976962,1440390,4485,333,66,0,0,66.000,300.67
1558877,452639,1186580,11114,333,66,0,0,66.000,300.67
1558877,1398864,707691,14907,291,66,0,0,66.000,300.67
1558877,632711,1069294,10204,291,66,0,0,66.000,300.67
1558877,1356685,624643,3797,292,66,0,0,66.000,300.67
1558877,122555,1084015,3514,333,66,0,0,66.000,300.67
1558877,847211,581417,2966,292,66,0,0,66.000,300.67
1558877,363694,547603,13604,292,66,0,0,66.000,300.67
1558877,101258,480716,7116,291,66,0,0,66.000,300.67
1558877,90253,442647,315,333,66,0,0,66.000,300.67
1558877,1093135,1410248,4704,291,66,0,0,66.000,300.67
1558877,538497,1461736,11003,291,66,0,0,66.000,300.67
1558877,1535313,1383632,49692,292,66,0,0,66.000,300.67
1558877,1357529,229527,7807,291,66,0,0,66.000,300.67
1558877,147861,405723,2853,292,66,0,0,66.000,300.67
1558877,1115494,333868,23562,291,66,0,0,66.000,300.67
1558877,1473117,572569,14197,292,66,0,0,66.000,300.67
1558877,805787,694740,517,292,66,0,0,66.000,300.67
1558877,187021,209663,2242,292,66,0,0,66.000,300.67
1561529,732744,174745,3012,334,66,0,0,66.000,408.92
1561529,307423,1153944,40197,333,66,0,0,66.000,408.92
1561529,115058,1533925,8916,334,66,0,0,66.000,408.92
1561529,287745,1336503,1228,292,66,0,0,66.000,408.92
1561529,607505,243431,86,333,66,0,0,66.000,408.92
1561529,677198,202396,3204,291,66,0,0,66.000,408.92
1561529,382965,566402,12048,333,66,0,0,66.000,408.92
1561529,926096,735591,5280,334,66,0,0,66.000,408.92
1561529,1395294,1253888,7783,292,66,0,0,66.000,408.92
1561529,489802,1419519,29592,333,66,0,0,66.000,408.92
1561529,670091,386424,2805,292,66,0,0,66.000,408.92
1561529,567859,556112,15821,292,66,0,0,66.000,408.92
1561529,496088,1285902,1558,334,66,0,0,66.000,408.92
1561529,784297,1123051,82862,333,66,0,0,66.000,408.92
1561529,1125300,294879,2894,333,66,0,0,66.000,408.92
1561529,1385860,12665,14972,291,66,0,0,66.000,408.92
1561529,140057,1482964,5916,291,66,0,0,66.000,408.92
1561529,1245621,144924,14292,333,66,0,0,66.000,408.92
1561529,1186065,158008,4602,291,66,0,0,66.000,408.92
1561529,1054209,1507925,1623,291,66,0,0,66.000,408.92
1561753,1296173,940993,6391,875,66,0,0,66.000,681.91
1561753,105687,1062819,9997,333,66,0,0,66.000,681.91
1561753,661660,512311,20626,291,66,0,0,66.000,681.91
1561753,1180903,630853,44699,334,66,0,0,66.000,681.91
1561753,1266823,17578,21765,292,66,0,0,66.000,681.91
1561753,108198,1417689,7002,750,66,0,0,66.000,681.91
1561753,39181,379867,7807,292,66,0,0,66.000,681.91
1561753,12365,453916,5401,291,66,0,0,66.000,681.91
1561753,1143349,1314770,23241,292,66,0,0,66.000,681.91
1561753,667689,242286,75519,750,66,0,0,66.000,681.91
1561753,840315,945916,51655,333,66,0,0,66.000,681.91
1561753,1019816,970753,1163,291,66,0,0,66.000,681.91
1561753,1179201,1313363,27726,333,66,0,0,66.000,681.91
1561753,1247147,391894,9266,750,66,0,0,66.000,681.91
1561753,484045,130884,21697,416,66,0,0,66.000,681.91
1561753,1348975,1133680,1078,292,66,0,0,66.000,681.91
1561753,951139,400157,37353,292,66,0,0,66.000,681.91
1561753,630402,959674,10704,291,66,0,0,66.000,681.91
1561753,75674,770521,2853,292,66,0,0,66.000,681.91
1561753,1456145,1183978,46435,292,66,0,0,66.000,681.91
1562647,502746,1322357,31856,291,66,0,0,66.000,296.72
1562647,1050596,1288956,2646,333,66,0,0,66.000,296.72
1562647,1171026,1443462,14207,726,66,0,0,66.000,296.72
1562647,1216419,114715,6261,292,66,0,0,66.000,296.72
1562647,830369,649512,14075,292,66,0,0,66.000,296.72
1562647,1456816,829531,12279,292,66,0,0,66.000,296.72
1562647,33710,365424,4930,334,66,0,0,66.000,296.72
1562647,383587,73053,4563,291,66,0,0,66.000,296.72
1562647,55218,1492497,17862,333,66,0,0,66.000,296.72
1562647,142966,1075178,6289,334,66,0,0,66.000,296.72
1562647,757724,129941,5163,334,66,0,0,66.000,296.72
1562647,1023928,1306625,7450,292,66,0,0,66.000,296.72
1562647,51299,1185689,7740,291,66,0,0,66.000,296.72
1562647,1530230,345839,559,292,66,0,0,66.000,296.72
1562647,1018381,1194698,5163,292,66,0,0,66.000,296.72
1562647,455201,316061,17797,291,66,0,0,66.000,296.72
1562647,619221,661119,3050,334,66,0,0,66.000,296.72
1562647,1458008,594795,12979,292,66,0,0,66.000,296.72
1562647,1052300,740205,12543,334,66,0,0,66.000,296.72
1562647,1117534,1475838,80,291,66,0,0,66.000,296.72
1562707,1195500,1323402,1262,333,66,0,0,66.000,509.92
1562707,1538205,233170,6156,309,66,0,0,66.000,509.92
1562707,1236360,1478316,1534,292,66,0,0,66.000,509.92
1562707,1172602,1340470,65406,292,66,0,0,66.000,509.92
1562707,629069,159623,37535,333,66,0,0,66.000,509.92
1562707,898705,1121878,9371,291,66,0,0,66.000,509.92
1562707,571751,1497507,5217,334,66,0,0,66.000,509.92
1562707,575847,1148290,7028,750,66,0,0,66.000,509.92
1562707,1085382,1073908,4138,708,66,0,0,66.000,509.92
1562707,455401,1386996,1277,291,66,0,0,66.000,509.92
1562707,805565,364178,7731,292,66,0,0,66.000,509.92
1562707,1034616,1188074,18646,292,66,0,0,66.000,509.92
1562707,1086960,95385,13997,333,66,0,0,66.000,509.92
1562707,1231829,1416369,63276,291,66,0,0,66.000,509.92
1562707,1097948,617342,31466,334,66,0,0,66.000,509.92
1562707,1431982,1300210,2970,292,66,0,0,66.000,509.92
1562707,1125245,1208728,26908,333,66,0,0,66.000,509.92
1562707,1410437,233518,11339,292,66,0,0,66.000,509.92
1562707,1079974,1432752,3838,291,66,0,0,66.000,509.92
1562707,366845,1079805,3998,292,66,0,0,66.000,509.92
1563461,1178255,1269786,2828,333,66,0,0,66.000,302.54
1563461,1115390,888936,722,708,66,0,0,66.000,302.54
1563461,385484,453023,3419,291,66,0,0,66.000,302.54
1563461,1256638,843043,8476,333,66,0,0,66.000,302.54
1563461,1268821,926787,20419,334,66,0,0,66.000,302.54
1563461,632678,1364241,11375,334,66,0,0,66.000,302.54
1563461,672409,879311,6604,292,66,0,0,66.000,302.54
1563461,911771,643038,21190,292,66,0,0,66.000,302.54
1563461,900739,1041685,23853,292,66,0,0,66.000,302.54
1563461,894633,978416,17,292,66,0,0,66.000,302.54
1563461,415704,25398,2151,292,66,0,0,66.000,302.54
1563461,216881,1515919,34302,750,66,0,0,66.000,302.54
1563461,116932,369782,10212,291,66,0,0,66.000,302.54
1563461,497983,1083011,3873,292,66,0,0,66.000,302.54
1563461,672496,1019316,13757,334,66,0,0,66.000,302.54
1563461,1551383,1248155,9760,375,66,0,0,66.000,302.54
1563461,557234,959263,2742,334,66,0,0,66.000,302.54
1563461,928691,84316,5294,292,66,0,0,66.000,302.54
1563461,565883,1449394,556,333,66,0,0,66.000,302.54
1563461,555601,808746,10098,708,66,0,0,66.000,302.54
1566793,617460,727929,83188,708,66,0,0,66.000,443.96
1566793,1423937,81491,5147,292,66,0,0,66.000,443.96
1566793,1545671,1360535,33995,291,66,0,0,66.000,443.96
1566793,739970,858815,15032,292,66,0,0,66.000,443.96
1566793,174362,613231,4285,292,66,0,0,66.000,443.96
1566793,1000616,438786,4886,292,66,0,0,66.000,443.96
1566793,317777,93708,376,291,66,0,0,66.000,443.96
1566793,1399703,354920,7908,292,66,0,0,66.000,443.96
1566793,1172946,1546803,16463,291,66,0,0,66.000,443.96
1566793,578717,1385801,12858,333,66,0,0,66.000,443.96
1566793,296985,830727,14569,333,66,0,0,66.000,443.96
1566793,1299025,1216919,1848,334,66,0,0,66.000,443.96
1566793,490113,1353628,8269,334,66,0,0,66.000,443.96
1566793,143038,487149,4790,708,66,0,0,66.000,443.96
1566793,1352777,349877,6364,333,66,0,0,66.000,443.96
1566793,122584,641645,2133,333,66,0,0,66.000,443.96
1566793,52937,1547890,12261,333,66,0,0,66.000,443.96
1566793,1360021,1538604,9083,333,66,0,0,66.000,443.96
1566793,837586,1349400,15822,291,66,0,0,66.000,443.96
1566793,872076,316338,21945,333,66,0,0,66.000,443.96
1566823,1105072,1300233,15409,292,66,0,0,66.000,296.30
1566823,694494,1487522,2845,333,66,0,0,66.000,296.30
1566823,605127,368332,4832,333,66,0,0,66.000,296.30
1566823,60702,832519,5095,292,66,0,0,66.000,296.30
1566823,58445,373504,20243,375,66,0,0,66.000,296.30
1566823,764482,965926,17566,333,66,0,0,66.000,296.30
1566823,1348850,813138,8632,292,66,0,0,66.000,296.30
1566823,154990,639459,4326,292,66,0,0,66.000,296.30
1566823,839523,288224,2876,292,66,0,0,66.000,296.30
1566823,166484,304858,3119,292,66,0,0,66.000,296.30
1566823,868346,1419753,12991,291,66,0,0,66.000,296.30
1566823,534672,873819,19736,333,66,0,0,66.000,296.30
1566823,980867,10331,11352,292,66,0,0,66.000,296.30
1566823,60805,1092674,3436,292,66,0,0,66.000,296.30
1566823,636475,251347,16484,292,66,0,0,66.000,296.30
1566823,8574,243829,15513,333,66,0,0,66.000,296.30
1566823,929823,340509,8991,292,66,0,0,66.000,296.30
1566823,1175478,367734,2230,291,66,0,0,66.000,296.30
1566823,177000,1086004,4244,333,66,0,0,66.000,296.30
1566823,774841,1047108,7709,333,66,0,0,66.000,296.30
1567171,377,1139418,34810,708,66,0,0,66.000,544.57
1567171,258837,444174,2194,333,66,0,0,66.000,544.57
1567171,363064,1218667,5568,333,66,0,0,66.000,544.57
1567171,1553042,399812,3342,292,66,0,0,66.000,544.57
1567171,102655,301669,11372,291,66,0,0,66.000,544.57
1567171,847517,932348,2322,333,66,0,0,66.000,544.57
1567171,318160,691562,11766,334,66,0,0,66.000,544.57
1567171,29442,808568,28586,750,66,0,0,66.000,544.57
1567171,548160,1271637,3506,292,66,0,0,66.000,544.57
1567171,1504307,451988,10210,291,66,0,0,66.000,544.57
1567171,851775,1091369,8046,334,66,0,0,66.000,544.57
1567171,203693,458003,24490,333,66,0,0,66.000,544.57
1567171,1052938,1280172,70688,292,66,0,0,66.000,544.57
1567171,1098523,762158,34011,292,66,0,0,66.000,544.57
1567171,871919,1446984,4848,375,66,0,0,66.000,544.57
1567171,378022,619165,29538,292,66,0,0,66.000,544.57
1567171,374145,322756,5831,291,66,0,0,66.000,544.57
1567171,717318,825837,22561,292,66,0,0,66.000,544.57
1567171,1554638,619985,29604,334,66,0,0,66.000,544.57
1567171,1528426,1280680,1836,291,66,0,0,66.000,544.57
1568519,75020,924569,25959,292,66,0,0,66.000,622.10
1568519,1065272,888704,40761,292,66,0,0,66.000,622.10
1568519,1100209,500871,16476,291,66,0,0,66.000,622.10
1568519,772795,1390937,2840,292,66,0,0,66.000,622.10
1568519,1398781,549717,10779,334,66,0,0,66.000,622.10
1568519,1290660,132693,378,292,66,0,0,66.000,622.10
1568519,1405802,1467689,9980,333,66,0,0,66.000,622.10
1568519,191832,1146576,23859,334,66,0,0,66.000,622.10
1568519,1234303,1078714,12314,291,66,0,0,66.000,622.10
1568519,249812,497725,194,291,66,0,0,66.000,622.10
1568519,549127,46838,11320,291,66,0,0,66.000,622.10
1568519,1351774,1359331,55316,334,66,0,0,66.000,622.10
1568519,1117686,265492,1282,292,66,0,0,66.000,622.10
1568519,403168,163758,902,292,66,0,0,66.000,622.10
1568519,48386,585664,56718,291,66,0,0,66.000,622.10
1568519,1376687,614341,32248,292,66,0,0,66.000,622.10
1568519,1094413,567772,18340,333,66,0,0,66.000,622.10
1568519,605351,1481216,8829,292,66,0,0,66.000,622.10
1568519,139667,320988,43390,333,66,0,0,66.000,622.10
1568519,1116725,589162,22312,333,66,0,0,66.000,622.10
1569817,1261435,871189,6784,292,66,0,0,66.000,735.60
1569817,888944,997007,6871,292,66,0,0,66.000,735.60
1569817,160536,237818,18542,334,66,0,0,66.000,735.60
1569817,586553,239184,20550,292,66,0,0,66.000,735.60
1569817,590388,439817,20978,291,66,0,0,66.000,735.60
1569817,15383,1503290,24857,291,66,0,0,66.000,735.60
1569817,931135,159514,29144,333,66,0,0,66.000,735.60
1569817,1558165,436900,63735,292,66,0,0,66.000,735.60
1569817,691773,831757,30752,292,66,0,0,66.000,735.60
1569817,384839,919671,2885,292,66,0,0,66.000,735.60
1569817,700445,405708,2215,333,66,0,0,66.000,735.60
1569817,142277,668795,35465,333,66,0,0,66.000,735.60
1569817,389132,609171,21780,292,66,0,0,66.000,735.60
1569817,395931,558052,20712,292,66,0,0,66.000,735.60
1569817,1487355,1256404,58,292,66,0,0,66.000,735.60
1569817,1004252,1548734,11301,750,66,0,0,66.000,735.60
1569817,1567926,279669,21639,333,66,0,0,66.000,735.60
1569817,634798,511977,58330,292,66,0,0,66.000,735.60
1569817,1560134,1051360,38062,292,66,0,0,66.000,735.60
1569817,499562,317408,30390,334,66,0,0,66.000,735.60
1571287,1214396,1005829,4632,709,66,0,0,66.000,360.32
1571287,603885,146711,21636,334,66,0,0,66.000,360.32
1571287,769009,1395258,10006,291,66,0,0,66.000,360.32
1571287,30833,1146488,24227,292,66,0,0,66.000,360.32
1571287,1508246,1533436,1545,708,66,0,0,66.000,360.32
1571287,882567,666935,77,291,66,0,0,66.000,360.32
1571287,871339,809975,8478,334,66,0,0,66.000,360.32
1571287,1551272,446680,14447,333,66,0,0,66.000,360.32
1571287,495308,928452,1210,333,66,0,0,66.000,360.32
1571287,4685,788492,25532,291,66,0,0,66.000,360.32
1571287,234900,1294083,4218,333,66,0,0,66.000,360.32
1571287,174636,1519427,420,333,66,0,0,66.000,360.32
1571287,715938,793213,30634,334,66,0,0,66.000,360.32
1571287,463893,1440030,9002,333,66,0,0,66.000,360.32
1571287,34589,971299,6094,333,66,0,0,66.000,360.32
1571287,1220336,4581,34940,334,66,0,0,66.000,360.32
1571287,486137,1520863,385,292,66,0,0,66.000,360.32
1571287,246242,745676,11947,292,66,0,0,66.000,360.32
1571287,45635,1047787,12058,334,66,0,0,66.000,360.32
1571287,446718,860863,6727,333,66,0,0,66.000,360.32
1573303,527891,1392806,55012,292,66,0,0,66.000,342.75
1573303,127026,234109,7751,333,66,0,0,66.000,342.75
1573303,464892,281789,3873,292,66,0,0,66.000,342.75
1573303,207660,856313,119,292,66,0,0,66.000,342.75
1573303,1044574,814966,10893,292,66,0,0,66.000,342.75
1573303,166344,1437145,6406,291,66,0,0,66.000,342.75
1573303,1078968,939064,407,333,66,0,0,66.000,342.75
1573303,1432355,1035691,1918,333,66,0,0,66.000,342.75
1573303,7668,650497,2917,334,66,0,0,66.000,342.75
1573303,878546,755731,29787,334,66,0,0,66.000,342.75
1573303,454700,908465,11197,334,66,0,0,66.000,342.75
1573303,1136174,559398,17164,333,66,0,0,66.000,342.75
1573303,427786,1065312,7737,333,66,0,0,66.000,342.75
1573303,424160,616982,1656,708,66,0,0,66.000,342.75
1573303,750378,1386769,6605,291,66,0,0,66.000,342.75
1573303,1032374,903032,12307,334,66,0,0,66.000,342.75
1573303,560312,713927,12221,292,66,0,0,66.000,342.75
1573303,823868,877319,211,292,66,0,0,66.000,342.75
1573303,540008,382968,20765,292,66,0,0,66.000,342.75
1573303,12771,1116683,7768,291,66,0,0,66.000,342.75
1573577,1270280,821113,145,334,66,0,0,66.000,140.26
1573577,973507,1496237,2964,333,66,0,0,66.000,140.26
1573577,1231752,215806,415,292,66,0,0,66.000,140.26
1573577,775343,580581,4010,333,66,0,0,66.000,140.26
1573577,1482141,208263,4264,334,66,0,0,66.000,140.26
1573577,1041580,852538,15070,334,66,0,0,66.000,140.26
1573577,687746,527591,4800,333,66,0,0,66.000,140.26
1573577,1338185,400179,440,709,66,0,0,66.000,140.26
1573577,1199784,34569,4004,334,66,0,0,66.000,140.26
1573577,420841,379330,13824,333,66,0,0,66.000,140.26
1573577,690134,321675,14845,333,66,0,0,66.000,140.26
1573577,280035,298623,2230,333,66,0,0,66.000,140.26
1573577,742927,751790,1071,292,66,0,0,66.000,140.26
1573577,685722,35704,1359,291,66,0,0,66.000,140.26
1573577,1438746,1228196,960,375,66,0,0,66.000,140.26
1573577,808529,877345,4957,333,66,0,0,66.000,140.26
1573577,1104823,842770,930,291,66,0,0,66.000,140.26
1573577,754580,739791,9328,292,66,0,0,66.000,140.26
1573577,1077963,307268,3111,292,66,0,0,66.000,140.26
1573577,1195649,693347,121,333,66,0,0,66.000,140.26
1575547,393135,899136,52571,292,66,0,0,66.000,424.96
1575547,885147,1091280,651,333,66,0,0,66.000,424.96
1575547,207173,279917,112,333,66,0,0,66.000,424.96
1575547,568241,92531,6759,333,66,0,0,66.000,424.96
1575547,1566924,1202644,8693,334,66,0,0,66.000,424.96
1575547,1162245,749256,25393,333,66,0,0,66.000,424.96
1575547,748045,1319373,19541,333,66,0,0,66.000,424.96
1575547,217849,424405,31527,333,66,0,0,66.000,424.96
1575547,446671,1380596,1318,292,66,0,0,66.000,424.96
1575547,1145092,447640,7380,333,66,0,0,66.000,424.96
1575547,861317,701296,7440,291,66,0,0,66.000,424.96
1575547,1160051,367954,2482,291,66,0,0,66.000,424.96
1575547,372669,1180633,34473,333,66,0,0,66.000,424.96
1575547,1044326,1081848,7372,292,66,0,0,66.000,424.96
1575547,1012955,1041577,6683,333,66,0,0,66.000,424.96
1575547,1406136,1344963,19830,291,66,0,0,66.000,424.96
1575547,1098708,337197,19670,291,66,0,0,66.000,424.96
1575547,1548300,353162,7030,291,66,0,0,66.000,424.96
1575547,38899,1464166,1550,333,66,0,0,66.000,424.96
1575547,182623,1139258,8686,333,66,0,0,66.000,424.96
1575869,985282,1180588,17525,292,66,0,0,66.000,686.67
1575869,1067648,1193806,19127,292,66,0,0,66.000,686.67
1575869,1573946,1430883,5576,292,66,0,0,66.000,686.67
1575869,1233620,51465,3184,334,66,0,0,66.000,686.67
1575869,327360,1013108,16244,292,66,0,0,66.000,686.67
1575869,223178,681442,4822,292,66,0,0,66.000,686.67
1575869,1145376,858956,103228,291,66,0,0,66.000,686.67
1575869,893174,364316,10197,292,66,0,0,66.000,686.67
1575869,1505609,577992,6741,292,66,0,0,66.000,686.67
1575869,813354,109796,28768,291,66,0,0,66.000,686.67
1575869,1015574,164918,18952,292,66,0,0,66.000,686.67
1575869,1264139,1105191,31798,291,66,0,0,66.000,686.67
1575869,991540,1511639,5266,333,66,0,0,66.000,686.67
1575869,904036,1495717,18730,291,66,0,0,66.000,686.67
1575869,303642,799502,3848,292,66,0,0,66.000,686.67
1575869,1352794,794610,39820,292,66,0,0,66.000,686.67
1575869,534336,485771,31828,334,66,0,0,66.000,686.67
1575869,784068,1314437,11052,333,66,0,0,66.000,686.67
1575869,1503154,117733,38935,291,66,0,0,66.000,686.67
1575869,653924,1400282,19762,292,66,0,0,66.000,686.67
1576889,60218,1521990,42560,333,66,0,0,66.000,591.60
1576889,739543,661016,6789,333,66,0,0,66.000,591.60
1576889,1312750,1438919,153,292,66,0,0,66.000,591.60
1576889,1105546,1487262,11911,291,66,0,0,66.000,591.60
1576889,21341,152814,36696,291,66,0,0,66.000,591.60
1576889,1057337,1519179,69343,334,66,0,0,66.000,591.60
1576889,1255666,51000,715,708,66,0,0,66.000,591.60
1576889,488967,1290294,17421,292,66,0,0,66.000,591.60
1576889,939469,87750,22899,292,66,0,0,66.000,591.60
1576889,497125,982634,15809,292,66,0,0,66.000,591.60
1576889,612806,992680,442,333,66,0,0,66.000,591.60
1576889,1113025,873010,24663,334,66,0,0,66.000,591.60
1576889,645931,741378,1430,291,66,0,0,66.000,591.60
1576889,290876,1571034,45195,291,66,0,0,66.000,591.60
1576889,1453693,1217132,31521,333,66,0,0,66.000,591.60
1576889,104220,164809,12128,333,66,0,0,66.000,591.60
1576889,1406112,751465,1770,291,66,0,0,66.000,591.60
1576889,291243,350558,1741,333,66,0,0,66.000,591.60
1576889,127905,1530632,13253,334,66,0,0,66.000,591.60
1576889,266557,1035349,18425,292,66,0,0,66.000,591.60
1583833,672571,1077311,13757,292,66,0,0,66.000,706.68
1583833,254499,1564598,19789,292,66,0,0,66.000,706.68
1583833,1289359,1234823,39834,292,66,0,0,66.000,706.68
1583833,1443417,1395670,13954,333,66,0,0,66.000,706.68
1583833,1544502,84280,31775,334,66,0,0,66.000,706.68
1583833,1381278,623113,17814,291,66,0,0,66.000,706.68
1583833,50040,60106,12721,292,66,0,0,66.000,706.68
1583833,457944,1550779,77091,333,66,0,0,66.000,706.68
1583833,1449909,948200,55574,292,66,0,0,66.000,706.68
1583833,28248,938616,1007,333,66,0,0,66.000,706.68
1583833,1033256,513259,6537,333,66,0,0,66.000,706.68
1583833,392381,517749,19722,333,66,0,0,66.000,706.68
1583833,1287755,741136,40576,333,66,0,0,66.000,706.68
1583833,1179912,1173630,401,291,66,0,0,66.000,706.68
1583833,395720,1378053,7729,334,66,0,0,66.000,706.68
1583833,816760,144190,27072,333,66,0,0,66.000,706.68
1583833,1014373,310323,21729,333,66,0,0,66.000,706.68
1583833,1110245,1500943,17113,334,66,0,0,66.000,706.68
1583833,12394,32685,20578,291,66,0,0,66.000,706.68
1583833,177473,1300301,3233,333,66,0,0,66.000,706.68
1585657,451035,896880,7181,292,66,0,0,66.000,740.57
1585657,1549986,666079,28743,333,66,0,0,66.000,740.57
1585657,236548,799910,115958,292,66,0,0,66.000,740.57
1585657,635396,862057,35809,708,66,0,0,66.000,740.57
1585657,1223612,95699,2209,291,66,0,0,66.000,740.57
1585657,1282915,1030988,43488,333,66,0,0,66.000,740.57
1585657,485002,154030,50663,292,66,0,0,66.000,740.57
1585657,721670,1313263,8049,334,66,0,0,66.000,740.57
1585657,132184,1449018,22815,292,66,0,0,66.000,740.57
1585657,740782,371854,23232,333,66,0,0,66.000,740.57
1585657,479720,227078,11350,291,66,0,0,66.000,740.57
1585657,671451,826331,642,292,66,0,0,66.000,740.57
1585657,741820,943080,15569,291,66,0,0,66.000,740.57
1585657,549513,1579971,18411,709,66,0,0,66.000,740.57
1585657,1313154,122812,8747,767,66,0,0,66.000,740.57
1585657,129271,1318039,8708,333,66,0,0,66.000,740.57
1585657,1192244,265527,19355,291,66,0,0,66.000,740.57
1585657,689292,819064,18542,292,66,0,0,66.000,740.57
1585657,1572344,1348865,16881,292,66,0,0,66.000,740.57
1585657,873279,1317506,12481,291,66,0,0,66.000,740.57
1589633,386240,122249,8728,292,66,0,0,66.000,288.68
1589633,1539216,348421,4498,333,66,0,0,66.000,288.68
1589633,642213,583927,521,291,66,0,0,66.000,288.68
1589633,991876,47181,6560,292,66,0,0,66.000,288.68
1589633,1358904,1374121,4133,333,66,0,0,66.000,288.68
1589633,1180853,1241633,11694,291,66,0,0,66.000,288.68
1589633,773330,826858,35884,334,66,0,0,66.000,288.68
1589633,1579103,35752,835,291,66,0,0,66.000,288.68
1589633,1135658,1079711,32764,292,66,0,0,66.000,288.68
1589633,945511,424376,3120,292,66,0,0,66.000,288.68
1589633,1244836,391444,283,292,66,0,0,66.000,288.68
1589633,444537,918751,3424,291,66,0,0,66.000,288.68
1589633,98859,573914,8469,334,66,0,0,66.000,288.68
1589633,1337011,1527961,13996,875,66,0,0,66.000,288.68
1589633,1502138,1526507,1033,334,66,0,0,66.000,288.68
1589633,576745,546575,13250,333,66,0,0,66.000,288.68
1589633,1481576,1104130,19778,292,66,0,0,66.000,288.68
1589633,320627,641142,4502,708,66,0,0,66.000,288.68
1589633,440170,156609,7585,292,66,0,0,66.000,288.68
1589633,1272912,1252950,1929,334,66,0,0,66.000,288.68
1590739,1582488,1551419,23726,334,66,0,0,66.000,422.34
1590739,752671,1159373,13887,333,66,0,0,66.000,422.34
1590739,454167,745055,2511,708,66,0,0,66.000,422.34
1590739,33250,1188858,1926,292,66,0,0,66.000,422.34
1590739,822813,617515,4094,292,66,0,0,66.000,422.34
1590739,975002,1326940,3927,333,66,0,0,66.000,422.34
1590739,23908,1024587,6358,291,66,0,0,66.000,422.34
1590739,253835,243973,10389,292,66,0,0,66.000,422.34
1590739,1585748,733907,24413,750,66,0,0,66.000,422.34
1590739,1085425,890155,27,334,66,0,0,66.000,422.34
1590739,1080202,1158689,3286,291,66,0,0,66.000,422.34
1590739,1252136,264673,7316,291,66,0,0,66.000,422.34
1590739,1494326,893723,40318,292,66,0,0,66.000,422.34
1590739,1258182,738694,13199,708,66,0,0,66.000,422.34
1590739,635996,1399383,1888,292,66,0,0,66.000,422.34
1590739,275315,34512,28791,750,66,0,0,66.000,422.34
1590739,814177,1145977,48947,333,66,0,0,66.000,422.34
1590739,310354,1300918,26359,291,66,0,0,66.000,422.34
1590739,1012369,739218,5573,291,66,0,0,66.000,422.34
1590739,1177347,1351540,928,291,66,0,0,66.000,422.34
1593149,1285645,601313,27641,292,66,0,0,66.000,717.92
1593149,637544,610729,63037,875,66,0,0,66.000,717.92
1593149,333081,1440132,3355,292,66,0,0,66.000,717.92
1593149,712853,1496466,9407,292,66,0,0,66.000,717.92
1593149,1304979,1390460,11001,292,66,0,0,66.000,717.92
1593149,669056,444432,34458,333,66,0,0,66.000,717.92
1593149,323643,1049443,25675,292,66,0,0,66.000,717.92
1593149,531501,1318932,19456,333,66,0,0,66.000,717.92
1593149,464517,106266,28931,708,66,0,0,66.000,717.92
1593149,395945,453872,424,292,66,0,0,66.000,717.92
1593149,1065006,134226,32212,333,66,0,0,66.000,717.92
1593149,1249125,916620,2880,333,66,0,0,66.000,717.92
1593149,679158,1387665,11396,292,66,0,0,66.000,717.92
1593149,1155886,861493,68863,291,66,0,0,66.000,717.92
1593149,1518912,76288,23246,708,66,0,0,66.000,717.92
1593149,425501,1257207,13590,291,66,0,0,66.000,717.92
1593149,440236,1047963,13574,292,66,0,0,66.000,717.92
1593149,1557800,537110,23773,292,66,0,0,66.000,717.92
1593149,773603,1034660,9162,292,66,0,0,66.000,717.92
1593149,332347,742943,33286,333,66,0,0,66.000,717.92
1593703,441449,676644,1416,291,66,0,0,66.000,565.95
1593703,1377942,513015,9210,291,66,0,0,66.000,565.95
1593703,1338671,486503,3094,291,66,0,0,66.000,565.95
1593703,1482483,1148180,80675,292,66,0,0,66.000,565.95
1593703,128556,524799,8788,333,66,0,0,66.000,565.95
1593703,169249,1505332,6320,292,66,0,0,66.000,565.95
1593703,695740,304395,15860,333,66,0,0,66.000,565.95
1593703,1530383,1523731,10344,291,66,0,0,66.000,565.95
1593703,1212896,32915,7256,292,66,0,0,66.000,565.95
1593703,1509787,170451,11599,292,66,0,0,66.000,565.95
1593703,621366,624428,4437,291,66,0,0,66.000,565.95
1593703,1197674,227976,17590,333,66,0,0,66.000,565.95
1593703,781158,102358,13282,333,66,0,0,66.000,565.95
1593703,1185334,91998,5348,291,66,0,0,66.000,565.95
1593703,1264739,1063703,50958,292,66,0,0,66.000,565.95
1593703,984655,1368228,22694,291,66,0,0,66.000,565.95
1593703,987592,459915,8546,725,66,0,0,66.000,565.95
1593703,1361572,85894,64265,875,66,0,0,66.000,565.95
1593703,1537738,1102209,177,292,66,0,0,66.000,565.95
1593703,971385,1544047,16966,333,66,0,0,66.000,565.95
1597381,369118,1177969,411,292,66,0,0,66.000,289.52
1597381,2881,256492,14734,708,66,0,0,66.000,289.52
1597381,207815,326338,21147,334,66,0,0,66.000,289.52
1597381,79496,945061,16500,334,66,0,0,66.000,289.52
1597381,765359,1178873,2342,292,66,0,0,66.000,289.52
1597381,604119,1001439,3287,333,66,0,0,66.000,289.52
1597381,141417,706047,19150,292,66,0,0,66.000,289.52
1597381,467194,1298933,13856,333,66,0,0,66.000,289.52
1597381,1165409,729631,3138,333,66,0,0,66.000,289.52
1597381,1244262,1069432,5496,333,66,0,0,66.000,289.52
1597381,543397,954147,9707,333,66,0,0,66.000,289.52
1597381,147876,1304827,26004,333,66,0,0,66.000,289.52
1597381,1487012,1429397,5152,292,66,0,0,66.000,289.52
1597381,839756,143312,1321,709,66,0,0,66.000,289.52
1597381,914105,421698,6131,291,66,0,0,66.000,289.52
1597381,903242,249383,8535,292,66,0,0,66.000,289.52
1597381,1418264,699386,17273,292,66,0,0,66.000,289.52
1597381,439326,1240455,2388,333,66,0,0,66.000,289.52
1597381,1314455,215786,4304,334,66,0,0,66.000,289.52
1597381,1247434,244100,2216,291,66,0,0,66.000,289.52
1598273,101460,1021994,4440,333,66,0,0,66.000,196.41
1598273,782587,1175603,1642,292,66,0,0,66.000,196.41
1598273,412737,926989,6729,292,66,0,0,66.000,196.41
1598273,1039098,1318294,7755,708,66,0,0,66.000,196.41
1598273,435512,1078409,16598,333,66,0,0,66.000,196.41
1598273,747015,1060499,2573,334,66,0,0,66.000,196.41
1598273,1268928,561473,9301,292,66,0,0,66.000,196.41
1598273,1523314,381625,2109,333,66,0,0,66.000,196.41
1598273,1369303,143468,1068,333,66,0,0,66.000,196.41
1598273,1178717,55347,6734,292,66,0,0,66.000,196.41
1598273,882376,1199561,8348,292,66,0,0,66.000,196.41
1598273,993279,178165,1206,333,66,0,0,66.000,196.41
1598273,1262194,761049,2005,333,66,0,0,66.000,196.41
1598273,1062763,907352,25884,334,66,0,0,66.000,196.41
1598273,1432608,1223279,5380,333,66,0,0,66.000,196.41
1598273,1237724,544675,9326,292,66,0,0,66.000,196.41
1598273,489729,1004599,3304,292,66,0,0,66.000,196.41
1598273,122437,436661,1519,292,66,0,0,66.000,196.41
1598273,1164190,1383029,3436,292,66,0,0,66.000,196.41
1598273,1296559,1009228,5193,334,66,0,0,66.000,196.41
1600531,91077,104854,26419,334,66,0,0,66.000,423.16
1600531,1394271,840064,14450,292,66,0,0,66.000,423.16
1600531,66128,553621,3319,334,66,0,0,66.000,423.16
1600531,1330955,697012,7776,334,66,0,0,66.000,423.16
1600531,1165078,326003,24920,291,66,0,0,66.000,423.16
1600531,1042611,546088,3971,333,66,0,0,66.000,423.16
1600531,1094245,1136296,8105,333,66,0,0,66.000,423.16
1600531,1123874,1391602,9359,267,66,0,0,66.000,423.16
1600531,531984,29706,16022,334,66,0,0,66.000,423.16
1600531,807804,635862,45585,291,66,0,0,66.000,423.16
1600531,1316571,607846,3666,334,66,0,0,66.000,423.16
1600531,887585,185742,12954,334,66,0,0,66.000,423.16
1600531,98671,338099,9726,292,66,0,0,66.000,423.16
1600531,754157,1162231,2617,292,66,0,0,66.000,423.16
1600531,1047934,609229,15783,333,66,0,0,66.000,423.16
1600531,1110246,1130193,616,310,66,0,0,66.000,423.16
1600531,1335663,950223,27489,292,66,0,0,66.000,423.16
1600531,950043,390989,31037,291,66,0,0,66.000,423.16
1600531,842989,1528648,1697,708,66,0,0,66.000,423.16
1600531,446346,264228,2526,750,66,0,0,66.000,423.16
1600957,863071,12635,5140,292,66,0,0,66.000,470.30
1600957,180014,914262,20931,292,66,0,0,66.000,470.30
1600957,313108,883063,16557,333,66,0,0,66.000,470.30
1600957,1311978,1440698,1296,292,66,0,0,66.000,470.30
1600957,1361169,554586,20128,292,66,0,0,66.000,470.30
1600957,792634,918875,4809,291,66,0,0,66.000,470.30
1600957,1004675,1517258,18387,292,66,0,0,66.000,470.30
1600957,1270557,490309,13073,291,66,0,0,66.000,470.30
1600957,1409205,1342594,7232,291,66,0,0,66.000,470.30
1600957,665342,174046,4170,334,66,0,0,66.000,470.30
1600957,1504266,537361,12963,291,66,0,0,66.000,470.30
1600957,1417000,1462469,37949,334,66,0,0,66.000,470.30
1600957,1139753,384813,694,291,66,0,0,66.000,470.30
1600957,737282,1421824,3269,292,66,0,0,66.000,470.30
1600957,44905,1141472,12772,334,66,0,0,66.000,470.30
1600957,306194,1086542,70279,291,66,0,0,66.000,470.30
1600957,1224595,1301009,18061,292,66,0,0,66.000,470.30
1600957,43316,533232,18255,333,66,0,0,66.000,470.30
1600957,1017429,1575702,6622,292,66,0,0,66.000,470.30
1600957,195997,1516382,5510,333,66,0,0,66.000,470.30
1601399,831324,1547025,1055,709,66,0,0,66.000,327.78
1601399,1551960,21650,4024,333,66,0,0,66.000,327.78
1601399,111704,348380,47821,334,66,0,0,66.000,327.78
1601399,820649,835935,8882,292,66,0,0,66.000,327.78
1601399,1209137,230154,3696,708,66,0,0,66.000,327.78
1601399,250407,531635,20548,291,66,0,0,66.000,327.78
1601399,7141,1550898,7478,333,66,0,0,66.000,327.78
1601399,1358150,701423,31764,333,66,0,0,66.000,327.78
1601399,444291,735287,7026,334,66,0,0,66.000,327.78
1601399,122609,1374864,13731,292,66,0,0,66.000,327.78
1601399,1073323,1153814,8120,292,66,0,0,66.000,327.78
1601399,960465,424534,527,333,66,0,0,66.000,327.78
1601399,1549721,113473,2870,292,66,0,0,66.000,327.78
1601399,189047,72220,9435,333,66,0,0,66.000,327.78
1601399,928410,512332,1236,291,66,0,0,66.000,327.78
1601399,719946,216680,1062,334,66,0,0,66.000,327.78
1601399,9011,403522,1416,334,66,0,0,66.000,327.78
1601399,1304186,1402871,30165,292,66,0,0,66.000,327.78
1601399,55275,687351,657,333,66,0,0,66.000,327.78
1601399,336864,1122322,4197,333,66,0,0,66.000,327.78
1601731,280950,1579332,4596,292,66,0,0,66.000,181.43
1601731,503338,1313016,13527,291,66,0,0,66.000,181.43
1601731,901499,1122046,2501,292,66,0,0,66.000,181.43
1601731,525126,185702,12081,292,66,0,0,66.000,181.43
1601731,1395244,1036222,3008,334,66,0,0,66.000,181.43
1601731,1511120,1224215,161,334,66,0,0,66.000,181.43
1601731,684085,259903,6078,292,66,0,0,66.000,181.43
1601731,977298,1196521,2477,750,66,0,0,66.000,181.43
1601731,860856,937466,114,291,66,0,0,66.000,181.43
1601731,1403919,1136969,3521,685,66,0,0,66.000,181.43
1601731,404924,52807,17174,292,66,0,0,66.000,181.43
1601731,1371748,394481,13401,292,66,0,0,66.000,181.43
1601731,1411622,751188,4733,708,66,0,0,66.000,181.43
1601731,862297,1198617,1344,291,66,0,0,66.000,181.43
1601731,1442142,38111,75,292,66,0,0,66.000,181.43
1601731,612030,1043086,6542,333,66,0,0,66.000,181.43
1601731,1480897,1560932,2414,333,66,0,0,66.000,181.43
1601731,103685,1444934,1937,292,66,0,0,66.000,181.43
1601731,95711,1445394,14649,292,66,0,0,66.000,181.43
1601731,146615,995963,4871,292,66,0,0,66.000,181.43
1609249,497753,1474205,9608,333,66,0,0,66.000,621.73
1609249,378145,196632,84889,292,66,0,0,66.000,621.73
1609249,422034,245079,11935,334,66,0,0,66.000,621.73
1609249,1430080,1110232,21418,292,66,0,0,66.000,621.73
1609249,613056,702176,11396,708,66,0,0,66.000,621.73
1609249,200022,1247763,19330,291,66,0,0,66.000,621.73
1609249,346179,155133,21590,333,66,0,0,66.000,621.73
1609249,195429,708499,4610,333,66,0,0,66.000,621.73
1609249,63705,1291921,4240,292,66,0,0,66.000,621.73
1609249,758533,971914,9058,334,66,0,0,66.000,621.73
1609249,171091,1432879,4292,334,66,0,0,66.000,621.73
1609249,1016133,401676,14753,291,66,0,0,66.000,621.73
1609249,888690,521004,10324,291,66,0,0,66.000,621.73
1609249,369169,338480,9594,750,66,0,0,66.000,621.73
1609249,1199622,1600185,3497,333,66,0,0,66.000,621.73
1609249,220016,1300484,2118,333,66,0,0,66.000,621.73
1609249,465757,1147947,51128,291,66,0,0,66.000,621.73
1609249,669552,1351344,11512,292,66,0,0,66.000,621.73
1609249,868516,1129806,36755,333,66,0,0,66.000,621.73
1609249,908751,511010,52086,292,66,0,0,66.000,621.73
1610107,1594264,374177,40319,334,66,0,0,66.000,385.34
1610107,1507007,574576,1654,333,66,0,0,66.000,385.34
1610107,549767,23716,13028,750,66,0,0,66.000,385.34
1610107,917718,1370324,2742,708,66,0,0,66.000,385.34
1610107,1372074,954697,21300,292,66,0,0,66.000,385.34
1610107,1068279,538805,24584,292,66,0,0,66.000,385.34
1610107,1442844,15935,16947,333,66,0,0,66.000,385.34
1610107,1526784,1408367,2848,333,66,0,0,66.000,385.34
1610107,317797,733165,7925,292,66,0,0,66.000,385.34
1610107,486825,1236216,19234,292,66,0,0,66.000,385.34
1610107,1582549,118262,7419,333,66,0,0,66.000,385.34
1610107,561427,561798,3406,291,66,0,0,66.000,385.34
1610107,817245,1038844,9860,292,66,0,0,66.000,385.34
1610107,843497,70140,17081,292,66,0,0,66.000,385.34
1610107,18012,1104166,27025,292,66,0,0,66.000,385.34
1610107,1112757,1063034,9058,351,66,0,0,66.000,385.34
1610107,1255152,864918,14949,292,66,0,0,66.000,385.34
1610107,1205160,922070,2356,292,66,0,0,66.000,385.34
1610107,1539785,840501,1236,334,66,0,0,66.000,385.34
1610107,143859,1494590,1123,708,66,0,0,66.000,385.34
1610471,1096685,125390,4677,333,66,0,0,66.000,602.98
1610471,1118497,91344,1526,333,66,0,0,66.000,602.98
1610471,149841,1203836,12940,291,66,0,0,66.000,602.98
1610471,60866,942778,13039,333,66,0,0,66.000,602.98
1610471,223041,255777,47604,292,66,0,0,66.000,602.98
1610471,997064,1146859,2344,292,66,0,0,66.000,602.98
1610471,737561,296026,17917,334,66,0,0,66.000,602.98
1610471,1167633,1239542,8217,292,66,0,0,66.000,602.98
1610471,883306,751437,7948,333,66,0,0,66.000,602.98
1610471,375860,1552489,17278,292,66,0,0,66.000,602.98
1610471,539383,1210265,8451,291,66,0,0,66.000,602.98
1610471,596112,996233,18846,292,66,0,0,66.000,602.98
1610471,1517420,340009,13335,333,66,0,0,66.000,602.98
1610471,1003844,1503285,21097,333,66,0,0,66.000,602.98
1610471,435657,1023628,5192,333,66,0,0,66.000,602.98
1610471,1450542,1320123,9850,292,66,0,0,66.000,602.98
1610471,1263057,1119443,34117,333,66,0,0,66.000,602.98
1610471,389907,323276,92494,292,66,0,0,66.000,602.98
1610471,35600,979199,36565,708,66,0,0,66.000,602.98
1610471,459899,1511456,8549,334,66,0,0,66.000,602.98
1614289,1339108,467163,8662,291,66,0,0,66.000,424.34
1614289,964492,333370,3186,750,66,0,0,66.000,424.34
1614289,1537805,423899,7935,333,66,0,0,66.000,424.34
1614289,268786,960969,19739,333,66,0,0,66.000,424.34
1614289,1369930,142681,19281,292,66,0,0,66.000,424.34
1614289,340439,1572402,638,292,66,0,0,66.000,424.34
1614289,424772,534423,17874,333,66,0,0,66.000,424.34
1614289,457858,637118,1802,292,66,0,0,66.000,424.34
1614289,1433240,10852,3784,292,66,0,0,66.000,424.34
1614289,497865,851518,15500,334,66,0,0,66.000,424.34
1614289,477526,1382043,17068,334,66,0,0,66.000,424.34
1614289,1004672,14873,42721,309,66,0,0,66.000,424.34
1614289,160283,751191,19497,292,66,0,0,66.000,424.34
1614289,605984,121203,32842,333,66,0,0,66.000,424.34
1614289,942295,1291811,12982,333,66,0,0,66.000,424.34
1614289,915613,724465,4272,333,66,0,0,66.000,424.34
1614289,1029520,114070,8026,292,66,0,0,66.000,424.34
1614289,60532,293003,18635,291,66,0,0,66.000,424.34
1614289,269678,283173,3457,333,66,0,0,66.000,424.34
1614289,400781,774773,11107,708,66,0,0,66.000,424.34
1619699,1444575,970362,35181,333,66,0,0,66.000,336.64
1619699,172074,382485,11258,333,66,0,0,66.000,336.64
1619699,13745,93690,21720,333,66,0,0,66.000,336.64
1619699,1131748,501921,754,292,66,0,0,66.000,336.64
1619699,767324,1549880,8343,292,66,0,0,66.000,336.64
1619699,1240342,776309,4879,333,66,0,0,66.000,336.64
1619699,429264,945804,2885,708,66,0,0,66.000,336.64
1619699,1240287,507884,10857,333,66,0,0,66.000,336.64
1619699,490703,664632,3787,333,66,0,0,66.000,336.64
1619699,372217,1590764,9337,291,66,0,0,66.000,336.64
1619699,1403320,1145938,11071,334,66,0,0,66.000,336.64
1619699,473957,167596,17356,334,66,0,0,66.000,336.64
1619699,669279,1285288,752,333,66,0,0,66.000,336.64
1619699,453768,1578737,4203,292,66,0,0,66.000,336.64
1619699,373531,28551,3729,292,66,0,0,66.000,336.64
1619699,790531,261394,37694,292,66,0,0,66.000,336.64
1619699,369914,408780,18699,333,66,0,0,66.000,336.64
1619699,1236211,1037446,7279,291,66,0,0,66.000,336.64
1619699,1190435,513943,3345,333,66,0,0,66.000,336.64
1619699,945783,1582261,207,292,66,0,0,66.000,336.64
1622209,611708,1221864,11884,792,66,0,0,66.000,159.38
1622209,370642,1607182,3379,708,66,0,0,66.000,159.38
1622209,1419316,390690,3520,292,66,0,0,66.000,159.38
1622209,154656,998687,676,750,66,0,0,66.000,159.38
1622209,1584966,1105401,14255,292,66,0,0,66.000,159.38
1622209,161915,1424998,546,292,66,0,0,66.000,159.38
1622209,1053653,267847,6490,333,66,0,0,66.000,159.38
1622209,749140,1041361,2657,333,66,0,0,66.000,159.38
1622209,763792,651004,1760,292,66,0,0,66.000,159.38
1622209,65802,1139043,5561,334,66,0,0,66.000,159.38
1622209,497828,3134,1206,292,66,0,0,66.000,159.38
1622209,302677,737637,2517,292,66,0,0,66.000,159.38
1622209,206610,981170,7310,291,66,0,0,66.000,159.38
1622209,974349,1588989,674,334,66,0,0,66.000,159.38
1622209,274143,393729,4164,333,66,0,0,66.000,159.38
1622209,775342,1007172,6464,333,66,0,0,66.000,159.38
1622209,440360,131666,10958,292,66,0,0,66.000,159.38
1622209,488154,371549,4833,291,66,0,0,66.000,159.38
1622209,1179280,271066,5830,708,66,0,0,66.000,159.38
1622209,1323949,18155,5750,333,66,0,0,66.000,159.38
1624321,1564140,1000808,7816,292,66,0,0,66.000,288.70
1624321,981407,92185,2052,292,66,0,0,66.000,288.70
1624321,1044834,906450,5762,708,66,0,0,66.000,288.70
1624321,1104765,1100484,2673,708,66,0,0,66.000,288.70
1624321,133585,780887,4595,709,66,0,0,66.000,288.70
1624321,135763,515049,6139,334,66,0,0,66.000,288.70
1624321,1443329,1293857,5584,292,66,0,0,66.000,288.70
1624321,1117411,1619143,6105,334,66,0,0,66.000,288.70
1624321,471695,1450872,4574,334,66,0,0,66.000,288.70
1624321,342264,838378,1790,292,66,0,0,66.000,288.70
1624321,1013066,1233239,4668,291,66,0,0,66.000,288.70
1624321,1156613,1441557,1432,291,66,0,0,66.000,288.70
1624321,122,91511,33199,333,66,0,0,66.000,288.70
1624321,737042,1486921,5779,292,66,0,0,66.000,288.70
1624321,1338101,437694,17995,292,66,0,0,66.000,288.70
1624321,1229696,764270,1964,292,66,0,0,66.000,288.70
1624321,1461149,833760,62033,708,66,0,0,66.000,288.70
1624321,647657,513350,1677,291,66,0,0,66.000,288.70
1624321,161824,1025373,2676,333,66,0,0,66.000,288.70
1624321,3738,1111976,4215,292,66,0,0,66.000,288.70
1625329,644616,935167,35514,291,66,0,0,66.000,590.13
1625329,1337083,127859,3389,292,66,0,0,66.000,590.13
1625329,1137244,742034,31775,334,66,0,0,66.000,590.13
1625329,45628,585311,2677,333,66,0,0,66.000,590.13
1625329,884069,174300,9379,333,66,0,0,66.000,590.13
1625329,1402374,545080,29460,291,66,0,0,66.000,590.13
1625329,858171,1293535,25181,334,66,0,0,66.000,590.13
1625329,328837,511677,45170,333,66,0,0,66.000,590.13
1625329,1508413,1435232,13203,333,66,0,0,66.000,590.13
1625329,507737,800540,9937,333,66,0,0,66.000,590.13
1625329,419194,376292,29841,292,66,0,0,66.000,590.13
1625329,1342497,127111,3511,333,66,0,0,66.000,590.13
1625329,618677,231292,15794,333,66,0,0,66.000,590.13
1625329,38615,648671,30310,292,66,0,0,66.000,590.13
1625329,1577186,1437581,7507,333,66,0,0,66.000,590.13
1625329,660215,190318,4297,291,66,0,0,66.000,590.13
1625329,1417998,937710,3729,334,66,0,0,66.000,590.13
1625329,334008,472012,11721,292,66,0,0,66.000,590.13
1625329,8695,1074876,30165,333,66,0,0,66.000,590.13
1625329,1540606,873307,31611,334,66,0,0,66.000,590.13
1626109,1304198,592303,32728,291,66,0,0,66.000,625.41
1626109,1318513,1432395,22258,708,66,0,0,66.000,625.41
1626109,449252,675060,12386,292,66,0,0,66.000,625.41
1626109,1507957,1021221,3295,333,66,0,0,66.000,625.41
1626109,193796,153656,23347,292,66,0,0,66.000,625.41
1626109,293726,1037816,22050,333,66,0,0,66.000,625.41
1626109,771716,900412,2258,292,66,0,0,66.000,625.41
1626109,787084,1609593,12817,292,66,0,0,66.000,625.41
1626109,578094,1296274,15686,333,66,0,0,66.000,625.41
1626109,1240508,25205,8019,333,66,0,0,66.000,625.41
1626109,1100864,569648,24427,750,66,0,0,66.000,625.41
1626109,343427,679056,88518,291,66,0,0,66.000,625.41
1626109,301062,237450,1276,375,66,0,0,66.000,625.41
1626109,1059920,1450800,11165,333,66,0,0,66.000,625.41
1626109,671010,363506,32357,709,66,0,0,66.000,625.41
1626109,316279,915348,19059,333,66,0,0,66.000,625.41
1626109,443702,263122,4774,291,66,0,0,66.000,625.41
1626109,282133,920804,1320,292,66,0,0,66.000,625.41
1626109,693792,31422,49334,351,66,0,0,66.000,625.41
1626109,681191,180151,9602,334,66,0,0,66.000,625.41
1626431,132935,1180349,13054,333,66,0,0,66.000,379.56
1626431,1184586,887024,14919,291,66,0,0,66.000,379.56
1626431,1321035,1022241,19160,292,66,0,0,66.000,379.56
1626431,1082604,405307,7047,292,66,0,0,66.000,379.56
1626431,1473368,1614833,15517,292,66,0,0,66.000,379.56
1626431,1230104,1155287,4143,334,66,0,0,66.000,379.56
1626431,1005664,358335,4644,333,66,0,0,66.000,379.56
1626431,1137325,417326,1028,291,66,0,0,66.000,379.56
1626431,885552,1099627,4997,333,66,0,0,66.000,379.56
1626431,60066,912537,12524,292,66,0,0,66.000,379.56
1626431,502349,736400,5775,333,66,0,0,66.000,379.56
1626431,327007,32189,1075,292,66,0,0,66.000,379.56
1626431,434685,841353,896,291,66,0,0,66.000,379.56
1626431,1502601,1515072,37942,292,66,0,0,66.000,379.56
1626431,487288,613645,26078,333,66,0,0,66.000,379.56
1626431,1325731,1037228,15698,292,66,0,0,66.000,379.56
1626431,783990,1085478,4831,333,66,0,0,66.000,379.56
1626431,21597,731026,27413,708,66,0,0,66.000,379.56
1626431,1567906,263725,5832,292,66,0,0,66.000,379.56
1626431,883904,1296483,18036,291,66,0,0,66.000,379.56
1626701,406513,288198,22733,334,66,0,0,66.000,772.21
1626701,917378,1448061,1177,291,66,0,0,66.000,772.21
1626701,840292,446476,45753,291,66,0,0,66.000,772.21
1626701,1028128,223062,22715,334,66,0,0,66.000,772.21
1626701,914762,1289968,16479,334,66,0,0,66.000,772.21
1626701,1465029,1512302,31729,292,66,0,0,66.000,772.21
1626701,1335912,246956,36679,750,66,0,0,66.000,772.21
1626701,1299959,1006647,13337,292,66,0,0,66.000,772.21
1626701,1296987,223422,7081,333,66,0,0,66.000,772.21
1626701,53364,1488071,26520,333,66,0,0,66.000,772.21
1626701,863816,47508,12211,292,66,0,0,66.000,772.21
1626701,469456,1242156,86863,292,66,0,0,66.000,772.21
1626701,220416,1333724,3076,292,66,0,0,66.000,772.21
1626701,1164441,1487369,1324,291,66,0,0,66.000,772.21
1626701,1433767,336961,27209,292,66,0,0,66.000,772.21
1626701,936042,1013590,24137,333,66,0,0,66.000,772.21
1626701,443638,1050897,45018,292,66,0,0,66.000,772.21
1626701,1151734,702846,53407,292,66,0,0,66.000,772.21
1626701,94565,253669,6953,292,66,0,0,66.000,772.21
1626701,225973,1483516,5353,292,66,0,0,66.000,772.21
1630927,132314,1366619,7881,291,66,0,0,66.000,607.50
1630927,726397,329888,4713,291,66,0,0,66.000,607.50
1630927,65483,408096,1681,292,66,0,0,66.000,607.50
1630927,1257466,66046,8193,292,66,0,0,66.000,607.50
1630927,1449937,1369202,40319,292,66,0,0,66.000,607.50
1630927,129732,1390653,56948,292,66,0,0,66.000,607.50
1630927,627785,472772,22508,333,66,0,0,66.000,607.50
1630927,1544035,884027,6364,292,66,0,0,66.000,607.50
1630927,1371574,1140347,15057,334,66,0,0,66.000,607.50
1630927,393229,1385774,15346,292,66,0,0,66.000,607.50
1630927,1600672,805280,10194,333,66,0,0,66.000,607.50
1630927,1478630,1052989,34261,291,66,0,0,66.000,607.50
1630927,588580,570715,1330,333,66,0,0,66.000,607.50
1630927,88243,730434,20416,292,66,0,0,66.000,607.50
1630927,478852,1483024,27325,333,66,0,0,66.000,607.50
1630927,1068727,1213541,37823,334,66,0,0,66.000,607.50
1630927,1184388,1145312,16683,334,66,0,0,66.000,607.50
1630927,1379442,1521505,36151,292,66,0,0,66.000,607.50
1630927,447709,934199,14472,291,66,0,0,66.000,607.50
1630927,915277,886298,7133,292,66,0,0,66.000,607.50
1632571,1393900,774703,4887,333,66,0,0,66.000,262.22
1632571,1549526,884986,14827,334,66,0,0,66.000,262.22
1632571,443917,27784,53607,333,66,0,0,66.000,262.22
1632571,708517,202195,2790,708,66,0,0,66.000,262.22
1632571,392444,1556536,1870,334,66,0,0,66.000,262.22
1632571,515948,1123378,1227,333,66,0,0,66.000,262.22
1632571,391175,1382929,3258,292,66,0,0,66.000,262.22
1632571,572322,1404837,449,292,66,0,0,66.000,262.22
1632571,184822,751275,879,750,66,0,0,66.000,262.22
1632571,804616,1305058,1180,292,66,0,0,66.000,262.22
1632571,530939,201137,8013,292,66,0,0,66.000,262.22
1632571,1094590,1562831,1353,292,66,0,0,66.000,262.22
1632571,1533042,731624,9473,292,66,0,0,66.000,262.22
1632571,845037,314651,4475,334,66,0,0,66.000,262.22
1632571,1222203,1380079,6331,334,66,0,0,66.000,262.22
1632571,849437,69864,8162,292,66,0,0,66.000,262.22
1632571,921221,1104086,31545,292,66,0,0,66.000,262.22
1632571,912515,379103,8192,292,66,0,0,66.000,262.22
1632571,1055607,414140,2134,333,66,0,0,66.000,262.22
1632571,762222,1256383,1192,333,66,0,0,66.000,262.22
1634141,105925,1289137,13827,292,66,0,0,66.000,628.55
1634141,355683,1348498,43383,292,66,0,0,66.000,628.55
1634141,541650,358575,30305,292,66,0,0,66.000,628.55
1634141,291358,1166098,11341,292,66,0,0,66.000,628.55
1634141,1224062,762439,16740,292,66,0,0,66.000,628.55
1634141,1511614,60676,12636,291,66,0,0,66.000,628.55
1634141,1375019,1028826,2652,292,66,0,0,66.000,628.55
1634141,472287,985273,10429,334,66,0,0,66.000,628.55
1634141,927127,868951,11830,292,66,0,0,66.000,628.55
1634141,262152,1248588,22408,291,66,0,0,66.000,628.55
1634141,376390,1286185,52022,291,66,0,0,66.000,628.55
1634141,837346,1061841,323,292,66,0,0,66.000,628.55
1634141,1403020,242670,7274,292,66,0,0,66.000,628.55
1634141,173737,782622,9800,292,66,0,0,66.000,628.55
1634141,1255921,1458209,6686,333,66,0,0,66.000,628.55
1634141,993454,121505,53444,334,66,0,0,66.000,628.55
1634141,408087,167798,15341,292,66,0,0,66.000,628.55
1634141,764682,593210,3023,334,66,0,0,66.000,628.55
1634141,1487201,429795,55297,333,66,0,0,66.000,628.55
1634141,929584,279282,19880,333,66,0,0,66.000,628.55
1636049,740545,1585973,1492,750,66,0,0,66.000,220.62
1636049,923072,843700,2490,292,66,0,0,66.000,220.62
1636049,1148829,1026163,836,292,66,0,0,66.000,220.62
1636049,244,1052536,3629,292,66,0,0,66.000,220.62
1636049,1618419,216843,17615,750,66,0,0,66.000,220.62
1636049,453060,1486902,593,333,66,0,0,66.000,220.62
1636049,972940,804986,2419,292,66,0,0,66.000,220.62
1636049,186483,494818,16494,333,66,0,0,66.000,220.62
1636049,1366993,675919,9305,333,66,0,0,66.000,220.62
1636049,781002,982893,367,292,66,0,0,66.000,220.62
1636049,1005402,271390,3158,292,66,0,0,66.000,220.62
1636049,893571,1634331,33,292,66,0,0,66.000,220.62
1636049,607578,298760,6795,333,66,0,0,66.000,220.62
1636049,579172,1620174,31645,292,66,0,0,66.000,220.62
1636049,372498,658809,2840,292,66,0,0,66.000,220.62
1636049,1286841,430004,24293,292,66,0,0,66.000,220.62
1636049,1122024,1267252,1041,334,66,0,0,66.000,220.62
1636049,971148,304343,1428,291,66,0,0,66.000,220.62
1636049,550300,1265665,598,292,66,0,0,66.000,220.62
1636049,588279,999798,12684,292,66,0,0,66.000,220.62
1637371,257322,1269751,7270,334,66,0,0,66.000,369.74
1637371,329212,611802,1160,334,66,0,0,66.000,369.74
1637371,608760,333767,8465,333,66,0,0,66.000,369.74
1637371,257662,233132,3680,292,66,0,0,66.000,369.74
1637371,621719,546296,19753,291,66,0,0,66.000,369.74
1637371,1276500,458384,2795,292,66,0,0,66.000,369.74
1637371,696677,1120849,12125,292,66,0,0,66.000,369.74
1637371,783455,1440695,4825,333,66,0,0,66.000,369.74
1637371,23044,1356614,14774,292,66,0,0,66.000,369.74
1637371,1365108,1289825,3368,291,66,0,0,66.000,369.74
1637371,720154,1271122,3632,292,66,0,0,66.000,369.74
1637371,906833,1501477,2343,750,66,0,0,66.000,369.74
1637371,377771,908576,13399,334,66,0,0,66.000,369.74
1637371,213056,1460961,34495,291,66,0,0,66.000,369.74
1637371,431967,1487240,1344,292,66,0,0,66.000,369.74
1637371,167404,600410,15589,750,66,0,0,66.000,369.74
1637371,1536729,1131464,30947,291,66,0,0,66.000,369.74
1637371,407510,282098,20287,333,66,0,0,66.000,369.74
1637371,779786,542065,9343,333,66,0,0,66.000,369.74
1637371,1120566,1171745,24748,292,66,0,0,66.000,369.74
1639789,105718,868818,20613,333,66,0,0,66.000,260.84
1639789,511480,199027,30020,292,66,0,0,66.000,260.84
1639789,1092078,1505676,105,292,66,0,0,66.000,260.84
1639789,655562,1270620,1914,708,66,0,0,66.000,260.84
1639789,1504263,16677,3409,292,66,0,0,66.000,260.84
1639789,234430,130181,3401,334,66,0,0,66.000,260.84
1639789,392041,1039345,8970,352,66,0,0,66.000,260.84
1639789,896741,98978,7369,292,66,0,0,66.000,260.84
1639789,317223,1474948,14904,292,66,0,0,66.000,260.84
1639789,164573,1598662,1111,333,66,0,0,66.000,260.84
1639789,973551,535787,15480,333,66,0,0,66.000,260.84
1639789,236133,448866,22263,291,66,0,0,66.000,260.84
1639789,905662,245589,5419,291,66,0,0,66.000,260.84
1639789,764075,648224,7782,333,66,0,0,66.000,260.84
1639789,117582,1205840,7872,292,66,0,0,66.000,260.84
1639789,459163,806636,4567,334,66,0,0,66.000,260.84
1639789,407586,350310,9,292,66,0,0,66.000,260.84
1639789,135730,503949,2583,292,66,0,0,66.000,260.84
1639789,1437248,1638578,4573,291,66,0,0,66.000,260.84
1639789,686323,1591787,2832,291,66,0,0,66.000,260.84
1640609,1417661,1212362,16127,333,66,0,0,66.000,195.00
1640609,1358368,458255,12867,333,66,0,0,66.000,195.00
1640609,656078,1369537,2641,334,66,0,0,66.000,195.00
1640609,775252,803599,50,750,66,0,0,66.000,195.00
1640609,811462,79639,6249,334,66,0,0,66.000,195.00
1640609,229527,1113344,546,292,66,0,0,66.000,195.00
1640609,960949,1203335,811,291,66,0,0,66.000,195.00
1640609,1570229,401658,8884,292,66,0,0,66.000,195.00
1640609,1550428,488374,2520,292,66,0,0,66.000,195.00
1640609,82437,1314704,1404,292,66,0,0,66.000,195.00
1640609,1338207,233427,13095,292,66,0,0,66.000,195.00
1640609,845319,1248547,9542,292,66,0,0,66.000,195.00
1640609,748168,1096441,13441,334,66,0,0,66.000,195.00
1640609,1223550,1327645,1583,333,66,0,0,66.000,195.00
1640609,1366322,181180,8757,291,66,0,0,66.000,195.00
1640609,1550428,747657,7495,291,66,0,0,66.000,195.00
1640609,942843,610869,1899,333,66,0,0,66.000,195.00
1640609,1521053,897769,10755,333,66,0,0,66.000,195.00
1640609,670713,598596,569,708,66,0,0,66.000,195.00
1640609,334012,1462600,4421,333,66,0,0,66.000,195.00
1640633,423647,492543,6618,334,66,0,0,66.000,326.18
1640633,65466,485874,13472,292,66,0,0,66.000,326.18
1640633,445767,986242,14922,291,66,0,0,66.000,326.18
1640633,1310966,628436,7888,292,66,0,0,66.000,326.18
1640633,969172,826534,2188,292,66,0,0,66.000,326.18
1640633,1452487,1286380,18200,292,66,0,0,66.000,326.18
1640633,1461739,672371,3830,333,66,0,0,66.000,326.18
1640633,1355602,1256626,1889,333,66,0,0,66.000,326.18
1640633,1558201,939652,3919,291,66,0,0,66.000,326.18
1640633,248033,1162747,15416,292,66,0,0,66.000,326.18
1640633,877446,402413,18023,333,66,0,0,66.000,326.18
1640633,974345,633471,1711,292,66,0,0,66.000,326.18
1640633,672088,129836,13277,292,66,0,0,66.000,326.18
1640633,607196,1469539,44856,333,66,0,0,66.000,326.18
1640633,190759,67263,18047,291,66,0,0,66.000,326.18
1640633,714383,1471691,2090,291,66,0,0,66.000,326.18
1640633,1470197,40507,17289,292,66,0,0,66.000,326.18
1640633,1313592,547510,123,750,66,0,0,66.000,326.18
1640633,561081,696952,1443,334,66,0,0,66.000,326.18
1640633,1162088,399046,1207,292,66,0,0,66.000,326.18
1641089,1104134,1044230,60650,292,66,0,0,66.000,742.46
1641089,1024960,983087,42240,292,66,0,0,66.000,742.46
1641089,268808,880647,11863,334,66,0,0,66.000,742.46
1641089,290352,328964,3129,708,66,0,0,66.000,742.46
1641089,725442,4307,16745,334,66,0,0,66.000,742.46
1641089,871205,1210780,7256,292,66,0,0,66.000,742.46
1641089,792950,1006208,67884,292,66,0,0,66.000,742.46
1641089,1255714,791653,21766,333,66,0,0,66.000,742.46
1641089,218862,494661,10016,334,66,0,0,66.000,742.46
1641089,706182,254968,9344,333,66,0,0,66.000,742.46
1641089,1154851,1394453,28753,292,66,0,0,66.000,742.46
1641089,483886,692162,13462,292,66,0,0,66.000,742.46
1641089,103632,431623,561,291,66,0,0,66.000,742.46
1641089,444686,169732,2569,292,66,0,0,66.000,742.46
1641089,707265,1491757,33662,292,66,0,0,66.000,742.46
1641089,1145382,947889,12209,708,66,0,0,66.000,742.46
1641089,973201,569745,23502,309,66,0,0,66.000,742.46
1641089,760478,82838,46807,334,66,0,0,66.000,742.46
1641089,1447088,610479,58117,334,66,0,0,66.000,742.46
1641089,800219,1471098,197,333,66,0,0,66.000,742.46
1641659,817237,1465664,18291,292,66,0,0,66.000,332.99
1641659,57079,824588,5340,292,66,0,0,66.000,332.99
1641659,541743,1226108,4474,333,66,0,0,66.000,332.99
1641659,1613776,1539959,8620,291,66,0,0,66.000,332.99
1641659,291525,704047,15956,750,66,0,0,66.000,332.99
1641659,252772,550689,23420,334,66,0,0,66.000,332.99
1641659,1199780,461299,22104,292,66,0,0,66.000,332.99
1641659,1572921,980624,12238,333,66,0,0,66.000,332.99
1641659,1117490,1571471,2264,333,66,0,0,66.000,332.99
1641659,345088,698772,1342,333,66,0,0,66.000,332.99
1641659,230291,745025,3712,333,66,0,0,66.000,332.99
1641659,1360526,30915,13741,292,66,0,0,66.000,332.99
1641659,549722,370670,6772,333,66,0,0,66.000,332.99
1641659,1431048,1607335,7819,334,66,0,0,66.000,332.99
1641659,552226,316114,169,292,66,0,0,66.000,332.99
1641659,798018,565127,2471,292,66,0,0,66.000,332.99
1641659,117029,1197084,24369,333,66,0,0,66.000,332.99
1641659,464604,1132982,14148,292,66,0,0,66.000,332.99
1641659,926515,387472,12141,334,66,0,0,66.000,332.99
1641659,1366410,693259,11439,334,66,0,0,66.000,332.99
1641863,1051023,526995,19505,333,66,0,0,66.000,537.45
1641863,50586,1503259,5851,333,66,0,0,66.000,537.45
1641863,1445078,1537167,19654,291,66,0,0,66.000,537.45
1641863,216134,1091542,2818,291,66,0,0,66.000,537.45
1641863,209388,1255769,9518,291,66,0,0,66.000,537.45
1641863,673050,1229360,12891,292,66,0,0,66.000,537.45
1641863,341734,905303,4294,334,66,0,0,66.000,537.45
1641863,1172744,1042219,10073,334,66,0,0,66.000,537.45
1641863,685115,792173,22673,292,66,0,0,66.000,537.45
1641863,364511,1040295,14454,333,66,0,0,66.000,537.45
1641863,767215,1221539,7503,708,66,0,0,66.000,537.45
1641863,1059142,418971,64554,334,66,0,0,66.000,537.45
1641863,1414584,44194,33404,333,66,0,0,66.000,537.45
1641863,834562,1510186,31222,292,66,0,0,66.000,537.45
1641863,80379,83796,12310,291,66,0,0,66.000,537.45
1641863,15044,639352,19015,292,66,0,0,66.000,537.45
1641863,213963,1636756,14826,292,66,0,0,66.000,537.45
1641863,36626,828240,12245,291,66,0,0,66.000,537.45
1641863,1316506,122229,23064,292,66,0,0,66.000,537.45
1641863,647828,789537,669,291,66,0,0,66.000,537.45
1642517,1275855,678928,12526,292,66,0,0,66.000,897.04
1642517,836305,358857,30198,292,66,0,0,66.000,897.04
1642517,1017558,282405,240,708,66,0,0,66.000,897.04
1642517,1396656,965519,14789,708,66,0,0,66.000,897.04
1642517,1179612,1130254,3550,292,66,0,0,66.000,897.04
1642517,428270,282609,94608,292,66,0,0,66.000,897.04
1642517,1080917,1216376,53525,292,66,0,0,66.000,897.04
1642517,937539,768432,2631,333,66,0,0,66.000,897.04
1642517,823093,724160,5055,350,66,0,0,66.000,897.04
1642517,1312185,772025,29066,291,66,0,0,66.000,897.04
1642517,626049,1240819,8320,334,66,0,0,66.000,897.04
1642517,1216047,783179,25198,292,66,0,0,66.000,897.04
1642517,1304014,1233643,43312,333,66,0,0,66.000,897.04
1642517,1344291,1046286,1130,334,66,0,0,66.000,897.04
1642517,1611813,1272651,32975,291,66,0,0,66.000,897.04
1642517,1090900,1135283,24694,333,66,0,0,66.000,897.04
1642517,423613,1332861,40536,333,66,0,0,66.000,897.04
1642517,433111,982799,84652,291,66,0,0,66.000,897.04
1642517,76535,1202930,30451,333,66,0,0,66.000,897.04
1642517,581364,228145,31530,333,66,0,0,66.000,897.04
1643959,594705,1150823,19554,291,66,0,0,66.000,402.59
1643959,1420771,974540,3773,375,66,0,0,66.000,402.59
1643959,969134,889355,675,334,66,0,0,66.000,402.59
1643959,418668,730323,4016,334,66,0,0,66.000,402.59
1643959,699339,913834,43139,334,66,0,0,66.000,402.59
1643959,1134200,908727,20363,292,66,0,0,66.000,402.59
1643959,1015339,445676,217,291,66,0,0,66.000,402.59
1643959,498024,51644,14848,333,66,0,0,66.000,402.59
1643959,1099909,1063589,9051,292,66,0,0,66.000,402.59
1643959,628620,1085566,3348,333,66,0,0,66.000,402.59
1643959,1127128,462110,36522,292,66,0,0,66.000,402.59
1643959,59900,180700,19214,292,66,0,0,66.000,402.59
1643959,1160155,108045,30658,708,66,0,0,66.000,402.59
1643959,148915,790982,17430,292,66,0,0,66.000,402.59
1643959,1622487,833457,4812,292,66,0,0,66.000,402.59
1643959,1138191,313423,15714,291,66,0,0,66.000,402.59
1643959,976717,1382999,2094,292,66,0,0,66.000,402.59
1643959,264353,773994,1439,292,66,0,0,66.000,402.59
1643959,1550257,127439,5911,333,66,0,0,66.000,402.59
1643959,1319393,1048273,2036,750,66,0,0,66.000,402.59
1645543,538118,915375,61297,292,66,0,0,66.000,408.65
1645543,1376563,1198940,19341,333,66,0,0,66.000,408.65
1645543,1125195,310937,10473,333,66,0,0,66.000,408.65
1645543,362824,1358566,3962,334,66,0,0,66.000,408.65
1645543,457999,233647,15199,334,66,0,0,66.000,408.65
1645543,968960,1401383,6514,334,66,0,0,66.000,408.65
1645543,1120293,1135593,11598,292,66,0,0,66.000,408.65
1645543,515267,822042,24206,333,66,0,0,66.000,408.65
1645543,685251,1554629,390,333,66,0,0,66.000,408.65
1645543,1097895,1457611,16214,292,66,0,0,66.000,408.65
1645543,482138,1531135,25580,291,66,0,0,66.000,408.65
1645543,1443087,253945,4391,334,66,0,0,66.000,408.65
1645543,21837,224364,3027,292,66,0,0,66.000,408.65
1645543,1058166,1011762,1699,292,66,0,0,66.000,408.65
1645543,1480652,613256,7845,750,66,0,0,66.000,408.65
1645543,99096,1030896,14551,708,66,0,0,66.000,408.65
1645543,1268180,364135,10548,292,66,0,0,66.000,408.65
1645543,339839,972831,10411,291,66,0,0,66.000,408.65
1645543,1053923,219896,6419,292,66,0,0,66.000,408.65
1645543,596776,1512692,5225,333,66,0,0,66.000,408.65
1650167,634768,1304636,40584,292,66,0,0,66.000,516.95
1650167,326220,1561400,10815,292,66,0,0,66.000,516.95
1650167,655433,943941,10818,333,66,0,0,66.000,516.95
1650167,709270,1082990,277,333,66,0,0,66.000,516.95
1650167,577178,754157,3371,333,66,0,0,66.000,516.95
1650167,1075811,400047,40476,292,66,0,0,66.000,516.95
1650167,1062817,844966,19634,333,66,0,0,66.000,516.95
1650167,1468215,14074,64557,291,66,0,0,66.000,516.95
1650167,501084,432510,990,750,66,0,0,66.000,516.95
1650167,1347356,1303802,9429,292,66,0,0,66.000,516.95
1650167,1567836,1163065,18789,292,66,0,0,66.000,516.95
1650167,1328030,105509,9774,292,66,0,0,66.000,516.95
1650167,1163444,1579178,7310,333,66,0,0,66.000,516.95
1650167,1257170,1505414,59,292,66,0,0,66.000,516.95
1650167,22010,1337140,17458,708,66,0,0,66.000,516.95
1650167,345707,82125,9403,292,66,0,0,66.000,516.95
1650167,537879,1369556,4053,333,66,0,0,66.000,516.95
1650167,134372,1142137,28614,291,66,0,0,66.000,516.95
1650167,199062,1129982,4467,291,66,0,0,66.000,516.95
1650167,362290,560554,26781,291,66,0,0,66.000,516.95
1650743,1612046,999111,78432,292,66,0,0,66.000,288.75
1650743,1002749,1133016,1858,333,66,0,0,66.000,288.75
1650743,300002,807948,593,333,66,0,0,66.000,288.75
1650743,741417,133032,9834,292,66,0,0,66.000,288.75
1650743,921278,422936,13803,292,66,0,0,66.000,288.75
1650743,334820,886884,6352,333,66,0,0,66.000,288.75
1650743,614405,250435,29481,292,66,0,0,66.000,288.75
1650743,940029,1144233,365,750,66,0,0,66.000,288.75
1650743,276304,877683,1925,291,66,0,0,66.000,288.75
1650743,967006,268049,3673,708,66,0,0,66.000,288.75
1650743,1093105,148306,7568,333,66,0,0,66.000,288.75
1650743,156157,362976,510,333,66,0,0,66.000,288.75
1650743,293427,1370320,10075,291,66,0,0,66.000,288.75
1650743,1501169,131509,1813,292,66,0,0,66.000,288.75
1650743,1366041,585886,1785,334,66,0,0,66.000,288.75
1650743,369217,1252651,1123,333,66,0,0,66.000,288.75
1650743,1270741,539913,3575,333,66,0,0,66.000,288.75
1650743,1095327,359015,534,333,66,0,0,66.000,288.75
1650743,1508129,930081,1786,334,66,0,0,66.000,288.75
1650743,946533,878982,7646,333,66,0,0,66.000,288.75
1652377,164906,45782,2741,291,66,0,0,66.000,494.40
1652377,897620,695890,18018,292,66,0,0,66.000,494.40
1652377,262029,979710,4270,708,66,0,0,66.000,494.40
1652377,626087,1073072,1444,333,66,0,0,66.000,494.40
1652377,754388,38353,11626,333,66,0,0,66.000,494.40
1652377,167534,175037,18933,291,66,0,0,66.000,494.40
1652377,1372780,951650,26222,333,66,0,0,66.000,494.40
1652377,120447,323323,17473,291,66,0,0,66.000,494.40
1652377,786919,674237,103,292,66,0,0,66.000,494.40
1652377,961083,423912,9401,291,66,0,0,66.000,494.40
1652377,1475494,1217245,21989,291,66,0,0,66.000,494.40
1652377,292176,628213,32694,292,66,0,0,66.000,494.40
1652377,1352320,528357,3525,292,66,0,0,66.000,494.40
1652377,994643,1262817,17021,334,66,0,0,66.000,494.40
1652377,1046382,616183,15975,375,66,0,0,66.000,494.40
1652377,1017333,1161471,5814,333,66,0,0,66.000,494.40
1652377,304028,220638,34948,292,66,0,0,66.000,494.40
1652377,1486566,1513360,28126,333,66,0,0,66.000,494.40
1652377,763845,273520,26739,291,66,0,0,66.000,494.40
1652377,1484693,1451122,16487,333,66,0,0,66.000,494.40
1653181,698760,720216,14443,292,66,0,0,66.000,316.24
1653181,528359,1350422,11421,291,66,0,0,66.000,316.24
1653181,335841,496854,4768,333,66,0,0,66.000,316.24
1653181,1120925,1015305,1975,292,66,0,0,66.000,316.24
1653181,1458758,441222,2852,292,66,0,0,66.000,316.24
1653181,77882,1248853,3050,334,66,0,0,66.000,316.24
1653181,1283810,1263176,1397,292,66,0,0,66.000,316.24
1653181,1459659,962243,2617,333,66,0,0,66.000,316.24
1653181,332693,676035,9939,291,66,0,0,66.000,316.24
1653181,1134658,1470793,51391,334,66,0,0,66.000,316.24
1653181,283838,118003,12805,333,66,0,0,66.000,316.24
1653181,255460,1165218,2845,292,66,0,0,66.000,316.24
1653181,1068785,521506,15296,375,66,0,0,66.000,316.24
1653181,348548,813774,5654,334,66,0,0,66.000,316.24
1653181,1446,996115,8115,291,66,0,0,66.000,316.24
1653181,411128,427595,1299,291,66,0,0,66.000,316.24
1653181,617870,867193,11676,333,66,0,0,66.000,316.24
1653181,569335,531842,33849,333,66,0,0,66.000,316.24
1653181,23958,1394882,4007,333,66,0,0,66.000,316.24
1653181,1556126,1130885,1127,334,66,0,0,66.000,316.24
1653689,401796,918521,1998,709,66,0,0,66.000,218.60
1653689,374453,450986,2237,750,66,0,0,66.000,218.60
1653689,1643356,1199712,1760,292,66,0,0,66.000,218.60
1653689,721540,1644858,18362,292,66,0,0,66.000,218.60
1653689,1020690,1247986,6482,333,66,0,0,66.000,218.60
1653689,233231,1345505,898,292,66,0,0,66.000,218.60
1653689,1278820,31995,640,292,66,0,0,66.000,218.60
1653689,603583,471479,1140,292,66,0,0,66.000,218.60
1653689,1361037,1157029,69,291,66,0,0,66.000,218.60
1653689,1620340,1366086,2634,291,66,0,0,66.000,218.60
1653689,377271,140433,28521,333,66,0,0,66.000,218.60
1653689,92154,893672,30098,333,66,0,0,66.000,218.60
1653689,180038,804937,6252,291,66,0,0,66.000,218.60
1653689,516012,1364368,15283,709,66,0,0,66.000,218.60
1653689,1578512,955386,3754,333,66,0,0,66.000,218.60
1653689,687099,1183453,9467,334,66,0,0,66.000,218.60
1653689,933961,1062740,1711,291,66,0,0,66.000,218.60
1653689,1298834,542027,4267,292,66,0,0,66.000,218.60
1653689,942691,336522,910,750,66,0,0,66.000,218.60
1653689,1647152,143227,1990,292,66,0,0,66.000,218.60
1654111,1058225,1436238,14791,334,66,0,0,66.000,483.45
1654111,1618986,318812,11381,375,66,0,0,66.000,483.45
1654111,1158115,872348,19441,292,66,0,0,66.000,483.45
1654111,269431,268575,589,333,66,0,0,66.000,483.45
1654111,1370381,1294983,23973,292,66,0,0,66.000,483.45
1654111,267932,1041417,23012,333,66,0,0,66.000,483.45
1654111,1436021,463526,97106,291,66,0,0,66.000,483.45
1654111,1202383,430794,8302,334,66,0,0,66.000,483.45
1654111,73169,73599,1386,292,66,0,0,66.000,483.45
1654111,122070,471014,5077,333,66,0,0,66.000,483.45
1654111,949740,1312891,12690,375,66,0,0,66.000,483.45
1654111,717048,924142,3827,292,66,0,0,66.000,483.45
1654111,519128,1022050,27691,291,66,0,0,66.000,483.45
1654111,1298610,1445661,978,291,66,0,0,66.000,483.45
1654111,1627689,1160101,14499,334,66,0,0,66.000,483.45
1654111,933295,25419,972,333,66,0,0,66.000,483.45
1654111,602665,896554,1840,333,66,0,0,66.000,483.45
1654111,1103171,824379,14743,291,66,0,0,66.000,483.45
1654111,598486,647800,19726,333,66,0,0,66.000,483.45
1654111,53851,337433,4318,292,66,0,0,66.000,483.45
1654663,252136,311863,84495,333,66,0,0,66.000,573.75
1654663,1324901,966555,14652,292,66,0,0,66.000,573.75
1654663,119823,120569,2937,292,66,0,0,66.000,573.75
1654663,1614308,782406,3740,334,66,0,0,66.000,573.75
1654663,647357,184019,4481,334,66,0,0,66.000,573.75
1654663,22703,427343,10259,292,66,0,0,66.000,573.75
1654663,348846,1650308,463,708,66,0,0,66.000,573.75
1654663,1539319,1438736,22175,333,66,0,0,66.000,573.75
1654663,513093,236623,4284,334,66,0,0,66.000,573.75
1654663,1617950,1188709,21098,334,66,0,0,66.000,573.75
1654663,1160985,207595,12721,333,66,0,0,66.000,573.75
1654663,409946,1634931,22528,291,66,0,0,66.000,573.75
1654663,212038,120726,3162,292,66,0,0,66.000,573.75
1654663,268695,1030544,60652,334,66,0,0,66.000,573.75
1654663,1524469,1224807,6459,292,66,0,0,66.000,573.75
1654663,1072780,882584,11772,333,66,0,0,66.000,573.75
1654663,753045,537432,18721,292,66,0,0,66.000,573.75
1654663,988198,933133,27458,709,66,0,0,66.000,573.75
1654663,1360620,960937,16748,291,66,0,0,66.000,573.75
1654663,988747,957979,15171,333,66,0,0,66.000,573.75
1655947,631540,9197,12025,292,66,0,0,66.000,438.46
1655947,56413,174483,2724,292,66,0,0,66.000,438.46
1655947,1492345,604621,2947,333,66,0,0,66.000,438.46
1655947,288785,192114,4594,334,66,0,0,66.000,438.46
1655947,1568360,748492,4106,333,66,0,0,66.000,438.46
1655947,312639,313385,5843,334,66,0,0,66.000,438.46
1655947,1351525,1174030,7166,292,66,0,0,66.000,438.46
1655947,541271,276561,4801,333,66,0,0,66.000,438.46
1655947,1556385,636662,26413,333,66,0,0,66.000,438.46
1655947,219177,389979,18745,292,66,0,0,66.000,438.46
1655947,1581731,843286,11734,292,66,0,0,66.000,438.46
1655947,121727,797487,32730,292,66,0,0,66.000,438.46
1655947,1464195,163852,14066,333,66,0,0,66.000,438.46
1655947,805815,715881,11782,333,66,0,0,66.000,438.46
1655947,1577251,1111002,37626,334,66,0,0,66.000,438.46
1655947,1592625,223854,1102,291,66,0,0,66.000,438.46
1655947,1482644,1481898,42113,291,66,0,0,66.000,438.46
1655947,907208,1649316,2249,333,66,0,0,66.000,438.46
1655947,443792,447268,18429,292,66,0,0,66.000,438.46
1655947,236542,1268493,14913,334,66,0,0,66.000,438.46
1657939,473183,1010479,6347,291,66,0,0,66.000,238.99
1657939,104037,763603,10127,291,66,0,0,66.000,238.99
1657939,672913,1037200,7263,292,66,0,0,66.000,238.99
1657939,188888,983752,11933,333,66,0,0,66.000,238.99
1657939,1212594,596739,24425,333,66,0,0,66.000,238.99
1657939,872200,1246504,6553,291,66,0,0,66.000,238.99
1657939,463829,1398782,1100,334,66,0,0,66.000,238.99
1657939,869133,627328,7945,333,66,0,0,66.000,238.99
1657939,722851,854561,1724,291,66,0,0,66.000,238.99
1657939,1482224,1448185,814,333,66,0,0,66.000,238.99
1657939,296875,1157247,3970,750,66,0,0,66.000,238.99
1657939,125745,82625,5171,292,66,0,0,66.000,238.99
1657939,234731,150934,1019,709,66,0,0,66.000,238.99
1657939,1123599,394809,23357,333,66,0,0,66.000,238.99
1657939,1431917,588262,1351,333,66,0,0,66.000,238.99
1657939,383413,316028,1608,333,66,0,0,66.000,238.99
1657939,1035874,6834,14331,333,66,0,0,66.000,238.99
1657939,189451,660416,2110,292,66,0,0,66.000,238.99
1657939,928776,244615,6692,334,66,0,0,66.000,238.99
1657939,1413263,507203,13757,334,66,0,0,66.000,238.99
1658309,502092,638058,95963,292,66,0,0,66.000,758.68
1658309,613793,1172726,16122,333,66,0,0,66.000,758.68
1658309,99780,847335,22061,292,66,0,0,66.000,758.68
1658309,696087,593962,27762,333,66,0,0,66.000,758.68
1658309,675044,1453880,648,334,66,0,0,66.000,758.68
1658309,1005007,1090968,20062,334,66,0,0,66.000,758.68
1658309,1435003,1408497,69340,334,66,0,0,66.000,758.68
1658309,169433,78608,22156,292,66,0,0,66.000,758.68
1658309,186354,224449,38759,291,66,0,0,66.000,758.68
1658309,1023714,1022329,22912,291,66,0,0,66.000,758.68
1658309,699449,1032274,48052,333,66,0,0,66.000,758.68
1658309,1551015,304937,7237,333,66,0,0,66.000,758.68
1658309,492328,219162,213,292,66,0,0,66.000,758.68
1658309,629832,1404593,34390,333,66,0,0,66.000,758.68
1658309,314182,742034,4702,333,66,0,0,66.000,758.68
1658309,1530233,538599,4070,334,66,0,0,66.000,758.68
1658309,128076,492017,17620,333,66,0,0,66.000,758.68
1658309,1222576,1580556,21082,833,66,0,0,66.000,758.68
1658309,147302,242834,7075,333,66,0,0,66.000,758.68
1658309,1545805,420853,964,292,66,0,0,66.000,758.68
1660889,3771,79244,2977,292,66,0,0,66.000,342.25
1660889,1011893,271248,12350,708,66,0,0,66.000,342.25
1660889,453649,1051355,11574,292,66,0,0,66.000,342.25
1660889,663124,1583320,19542,709,66,0,0,66.000,342.25
1660889,1014400,989666,19525,709,66,0,0,66.000,342.25
1660889,656629,41587,7214,292,66,0,0,66.000,342.25
1660889,1544341,669075,16725,292,66,0,0,66.000,342.25
1660889,483491,330579,5912,292,66,0,0,66.000,342.25
1660889,600967,997500,5853,292,66,0,0,66.000,342.25
1660889,340507,1437348,1240,292,66,0,0,66.000,342.25
1660889,1499813,1362455,19469,292,66,0,0,66.000,342.25
1660889,686042,1333691,569,292,66,0,0,66.000,342.25
1660889,1453199,1456384,14085,292,66,0,0,66.000,342.25
1660889,381463,1187565,4836,292,66,0,0,66.000,342.25
1660889,783831,689287,26811,334,66,0,0,66.000,342.25
1660889,209172,1003939,2896,334,66,0,0,66.000,342.25
1660889,1122748,105922,2393,375,66,0,0,66.000,342.25
1660889,279801,169331,16829,292,66,0,0,66.000,342.25
1660889,675461,72058,9935,292,66,0,0,66.000,342.25
1660889,769641,846991,16299,292,66,0,0,66.000,342.25
1665173,1619064,713102,11214,333,66,0,0,66.000,420.12
1665173,931447,811610,27418,750,66,0,0,66.000,420.12
1665173,983498,305971,7610,292,66,0,0,66.000,420.12
1665173,671750,1365863,20039,292,66,0,0,66.000,420.12
1665173,236552,1447238,1425,292,66,0,0,66.000,420.12
1665173,640863,508054,43056,292,66,0,0,66.000,420.12
1665173,845445,816952,2102,333,66,0,0,66.000,420.12
1665173,338647,1303616,2045,292,66,0,0,66.000,420.12
1665173,779142,962979,2604,292,66,0,0,66.000,420.12
1665173,719663,136465,3718,334,66,0,0,66.000,420.12
1665173,1609466,1263347,1475,292,66,0,0,66.000,420.12
1665173,1567193,1031740,11558,291,66,0,0,66.000,420.12
1665173,38024,1614018,745,709,66,0,0,66.000,420.12
1665173,208578,504023,2563,292,66,0,0,66.000,420.12
1665173,1371122,1352120,7738,291,66,0,0,66.000,420.12
1665173,696090,1400736,8660,333,66,0,0,66.000,420.12
1665173,1217959,773063,55052,291,66,0,0,66.000,420.12
1665173,999822,666270,13609,292,66,0,0,66.000,420.12
1665173,633609,1498022,16447,334,66,0,0,66.000,420.12
1665173,237981,828867,27091,292,66,0,0,66.000,420.12
1667473,1192766,1625733,6880,292,66,0,0,66.000,759.02
1667473,106059,1559815,23782,333,66,0,0,66.000,759.02
1667473,348401,1308402,3174,291,66,0,0,66.000,759.02
1667473,787158,957991,14488,333,66,0,0,66.000,759.02
1667473,935949,283750,33782,291,66,0,0,66.000,759.02
1667473,1139738,183987,493,708,66,0,0,66.000,759.02
1667473,392280,1430976,2627,291,66,0,0,66.000,759.02
1667473,422341,1364668,11072,334,66,0,0,66.000,759.02
1667473,96239,1508731,37124,333,66,0,0,66.000,759.02
1667473,253731,1605877,11264,333,66,0,0,66.000,759.02
1667473,145856,739638,2013,292,66,0,0,66.000,759.02
1667473,1643906,1053276,81672,334,66,0,0,66.000,759.02
1667473,675824,1319825,76380,334,66,0,0,66.000,759.02
1667473,1644543,332720,7043,291,66,0,0,66.000,759.02
1667473,1577608,562742,47958,333,66,0,0,66.000,759.02
1667473,963185,1465961,6213,334,66,0,0,66.000,759.02
1667473,1122201,6264,3950,334,66,0,0,66.000,759.02
1667473,967248,1554985,9099,333,66,0,0,66.000,759.02
1667473,1369987,1289331,4378,334,66,0,0,66.000,759.02
1667473,1109410,897834,98175,291,66,0,0,66.000,759.02
1667663,780609,1479284,2163,334,66,0,0,66.000,492.53
1667663,1462318,1395920,53789,292,66,0,0,66.000,492.53
1667663,1459483,482666,9614,333,66,0,0,66.000,492.53
1667663,1120629,795034,24198,292,66,0,0,66.000,492.53
1667663,1582711,502614,5215,709,66,0,0,66.000,492.53
1667663,1179335,1651082,4071,333,66,0,0,66.000,492.53
1667663,366556,600226,19366,333,66,0,0,66.000,492.53
1667663,690335,723783,31153,292,66,0,0,66.000,492.53
1667663,1406733,282062,17104,750,66,0,0,66.000,492.53
1667663,702247,1105127,1593,334,66,0,0,66.000,492.53
1667663,73710,1139396,2966,333,66,0,0,66.000,492.53
1667663,157924,1168441,152,291,66,0,0,66.000,492.53
1667663,316142,1113276,24524,334,66,0,0,66.000,492.53
1667663,8451,921765,10355,292,66,0,0,66.000,492.53
1667663,1295034,265191,50761,292,66,0,0,66.000,492.53
1667663,1637753,523316,8107,334,66,0,0,66.000,492.53
1667663,355119,1482851,8973,292,66,0,0,66.000,492.53
1667663,1624615,1651061,6717,333,66,0,0,66.000,492.53
1667663,463623,1086555,27177,292,66,0,0,66.000,492.53
1667663,124511,159407,3751,291,66,0,0,66.000,492.53
1668299,1461962,1426371,19821,333,66,0,0,66.000,686.58
1668299,1020786,1189438,24315,333,66,0,0,66.000,686.58
1668299,415142,94186,22196,334,66,0,0,66.000,686.58
1668299,389620,926839,2386,333,66,0,0,66.000,686.58
1668299,881130,924864,28043,292,66,0,0,66.000,686.58
1668299,1391453,1348417,4421,333,66,0,0,66.000,686.58
1668299,114169,1509657,18409,292,66,0,0,66.000,686.58
1668299,143829,1094228,1549,292,66,0,0,66.000,686.58
1668299,1433626,1226126,35267,292,66,0,0,66.000,686.58
1668299,355205,617665,24085,333,66,0,0,66.000,686.58
1668299,789312,683118,94867,292,66,0,0,66.000,686.58
1668299,426305,981015,20648,334,66,0,0,66.000,686.58
1668299,1478773,1228806,22988,333,66,0,0,66.000,686.58
1668299,1340959,382670,12952,292,66,0,0,66.000,686.58
1668299,302197,1046017,6089,708,66,0,0,66.000,686.58
1668299,743221,1492588,17824,291,66,0,0,66.000,686.58
1668299,1402180,1153264,44170,333,66,0,0,66.000,686.58
1668299,1363389,1368264,3510,291,66,0,0,66.000,686.58
1668299,966282,502764,30394,333,66,0,0,66.000,686.58
1668299,677873,1062264,1276,292,66,0,0,66.000,686.58
1668379,715016,477531,34,334,66,0,0,66.000,653.45
1668379,260421,1380560,1788,291,66,0,0,66.000,653.45
1668379,76952,871812,18140,292,66,0,0,66.000,653.45
1668379,344320,1119144,23364,709,66,0,0,66.000,653.45
1668379,271773,107625,24623,292,66,0,0,66.000,653.45
1668379,769026,1354542,48253,292,66,0,0,66.000,653.45
1668379,1394844,1543146,19272,291,66,0,0,66.000,653.45
1668379,379405,439265,63485,292,66,0,0,66.000,653.45
1668379,864502,681484,19239,350,66,0,0,66.000,653.45
1668379,768429,4522,3475,333,66,0,0,66.000,653.45
1668379,663005,1010389,6199,333,66,0,0,66.000,653.45
1668379,281580,1379579,1872,708,66,0,0,66.000,653.45
1668379,1080605,414068,8079,333,66,0,0,66.000,653.45
1668379,989118,521435,6177,333,66,0,0,66.000,653.45
1668379,543226,178226,11109,292,66,0,0,66.000,653.45
1668379,712168,375053,43944,334,66,0,0,66.000,653.45
1668379,625770,614440,16689,292,66,0,0,66.000,653.45
1668379,109789,418615,8552,292,66,0,0,66.000,653.45
1668379,1002804,6708,13342,292,66,0,0,66.000,653.45
1668379,1517136,123953,76946,291,66,0,0,66.000,653.45
1668983,287252,1203235,1858,291,66,0,0,66.000,229.39
1668983,403105,235944,9219,333,66,0,0,66.000,229.39
1668983,131840,797539,7952,291,66,0,0,66.000,229.39
1668983,808845,828304,5356,333,66,0,0,66.000,229.39
1668983,1363497,72562,1194,292,66,0,0,66.000,229.39
1668983,309560,1482467,1056,291,66,0,0,66.000,229.39
1668983,1264560,222342,32985,291,66,0,0,66.000,229.39
1668983,1382590,464266,16299,291,66,0,0,66.000,229.39
1668983,1220951,643328,463,333,66,0,0,66.000,229.39
1668983,831084,112662,18308,750,66,0,0,66.000,229.39
1668983,1135913,460811,976,292,66,0,0,66.000,229.39
1668983,786808,1210436,2212,291,66,0,0,66.000,229.39
1668983,1131554,340879,6781,333,66,0,0,66.000,229.39
1668983,662943,389754,17252,333,66,0,0,66.000,229.39
1668983,1043035,1341886,5438,750,66,0,0,66.000,229.39
1668983,493978,821532,4028,291,66,0,0,66.000,229.39
1668983,1267256,1408713,6229,333,66,0,0,66.000,229.39
1668983,447646,742883,899,333,66,0,0,66.000,229.39
1668983,1336827,1338268,5685,292,66,0,0,66.000,229.39
1668983,1656638,1261617,1029,291,66,0,0,66.000,229.39
1669541,849161,1588464,976,292,66,0,0,66.000,217.33
1669541,1295008,572803,585,334,66,0,0,66.000,217.33
1669541,658961,1417937,8051,291,66,0,0,66.000,217.33
1669541,1593868,627611,6638,708,66,0,0,66.000,217.33
1669541,778602,727320,10689,292,66,0,0,66.000,217.33
1669541,1068048,1317344,7829,334,66,0,0,66.000,217.33
1669541,1595771,91477,2465,292,66,0,0,66.000,217.33
1669541,1377310,205885,8616,333,66,0,0,66.000,217.33
1669541,498517,895556,15314,333,66,0,0,66.000,217.33
1669541,816367,1284693,4601,333,66,0,0,66.000,217.33
1669541,1662711,376654,153,333,66,0,0,66.000,217.33
1669541,1355907,724391,9017,292,66,0,0,66.000,217.33
1669541,438737,1490438,3753,292,66,0,0,66.000,217.33
1669541,1112449,514857,2306,333,66,0,0,66.000,217.33
1669541,1651034,804075,1548,333,66,0,0,66.000,217.33
1669541,660207,1556557,29107,291,66,0,0,66.000,217.33
1669541,509268,19176,498,292,66,0,0,66.000,217.33
1669541,1200074,1178218,5954,334,66,0,0,66.000,217.33
1669541,323245,884649,2536,708,66,0,0,66.000,217.33
1669541,1572489,985456,17060,334,66,0,0,66.000,217.33
1671311,777300,283309,3168,334,66,0,0,66.000,467.33
1671311,1544913,1035035,2168,333,66,0,0,66.000,467.33
1671311,168457,168061,8297,291,66,0,0,66.000,467.33
1671311,1618254,1520952,20810,333,66,0,0,66.000,467.33
1671311,492587,203728,34963,333,66,0,0,66.000,467.33
1671311,1041849,1566731,15264,333,66,0,0,66.000,467.33
1671311,147347,1243598,4267,292,66,0,0,66.000,467.33
1671311,1517269,778958,18089,292,66,0,0,66.000,467.33
1671311,1421106,935288,39674,334,66,0,0,66.000,467.33
1671311,1406924,1478847,4129,292,66,0,0,66.000,467.33
1671311,17865,1327749,6141,292,66,0,0,66.000,467.33
1671311,1067439,992951,824,750,66,0,0,66.000,467.33
1671311,192567,630522,11364,291,66,0,0,66.000,467.33
1671311,1608730,882240,11126,292,66,0,0,66.000,467.33
1671311,1015794,1671243,20035,333,66,0,0,66.000,467.33
1671311,585463,832588,20635,333,66,0,0,66.000,467.33
1671311,1664081,608970,22135,291,66,0,0,66.000,467.33
1671311,1316597,543633,40762,292,66,0,0,66.000,467.33
1671311,1462801,832164,11299,292,66,0,0,66.000,467.33
1671311,1307606,1214115,1096,334,66,0,0,66.000,467.33
1676879,831053,1068867,9188,292,66,0,0,66.000,386.06
1676879,1147527,272547,12548,292,66,0,0,66.000,386.06
1676879,706454,1063379,5788,292,66,0,0,66.000,386.06
1676879,13868,512920,19027,292,66,0,0,66.000,386.06
1676879,1127475,1306472,1396,292,66,0,0,66.000,386.06
1676879,384879,1504917,4394,292,66,0,0,66.000,386.06
1676879,1132153,559645,11533,333,66,0,0,66.000,386.06
1676879,1542450,231572,2503,708,66,0,0,66.000,386.06
1676879,1036012,1336612,18197,292,66,0,0,66.000,386.06
1676879,588827,1301216,14262,291,66,0,0,66.000,386.06
1676879,184951,747556,10033,291,66,0,0,66.000,386.06
1676879,621722,1132207,30740,292,66,0,0,66.000,386.06
1676879,1033774,1029771,16907,291,66,0,0,66.000,386.06
1676879,358318,232868,1927,333,66,0,0,66.000,386.06
1676879,262561,487060,2201,292,66,0,0,66.000,386.06
1676879,117740,584426,2096,334,66,0,0,66.000,386.06
1676879,794350,1558892,10667,292,66,0,0,66.000,386.06
1676879,358105,100642,40903,333,66,0,0,66.000,386.06
1676879,1261500,721139,16684,333,66,0,0,66.000,386.06
1676879,395298,414244,13256,291,66,0,0,66.000,386.06
1680407,355951,981082,133,333,66,0,0,66.000,489.06
1680407,481655,1178514,22932,292,66,0,0,66.000,489.06
1680407,1620287,1054070,51458,292,66,0,0,66.000,489.06
1680407,649187,1374982,2682,291,66,0,0,66.000,489.06
1680407,224111,256374,6886,709,66,0,0,66.000,489.06
1680407,1366593,1116140,38798,333,66,0,0,66.000,489.06
1680407,1259762,336743,3082,292,66,0,0,66.000,489.06
1680407,761558,911665,1374,334,66,0,0,66.000,489.06
1680407,412388,173281,30960,333,66,0,0,66.000,489.06
1680407,401693,1403958,3136,333,66,0,0,66.000,489.06
1680407,107738,129460,1586,334,66,0,0,66.000,489.06
1680407,1373851,943759,14954,292,66,0,0,66.000,489.06
1680407,586921,1200389,2031,875,66,0,0,66.000,489.06
1680407,802941,621026,51676,292,66,0,0,66.000,489.06
1680407,1491778,4382,286,291,66,0,0,66.000,489.06
1680407,1111223,204426,4476,291,66,0,0,66.000,489.06
1680407,1475738,985924,39731,291,66,0,0,66.000,489.06
1680407,1244719,642442,2902,292,66,0,0,66.000,489.06
1680407,195451,1320094,12197,333,66,0,0,66.000,489.06
1680407,1517399,866471,18273,292,66,0,0,66.000,489.06
1687757,484362,916873,8224,333,66,0,0,66.000,291.37
1687757,205665,992080,13973,292,66,0,0,66.000,291.37
1687757,517242,119488,8707,750,66,0,0,66.000,291.37
1687757,444768,1031972,40721,334,66,0,0,66.000,291.37
1687757,1267238,1316850,8838,333,66,0,0,66.000,291.37
1687757,758624,963896,4045,333,66,0,0,66.000,291.37
1687757,1409627,41310,6402,333,66,0,0,66.000,291.37
1687757,1332261,311104,6334,292,66,0,0,66.000,291.37
1687757,1102575,1260955,3690,333,66,0,0,66.000,291.37
1687757,1081309,547821,3361,292,66,0,0,66.000,291.37
1687757,166712,711121,608,750,66,0,0,66.000,291.37
1687757,282524,323663,2718,291,66,0,0,66.000,291.37
1687757,195918,629997,6245,292,66,0,0,66.000,291.37
1687757,923414,1655615,8619,291,66,0,0,66.000,291.37
1687757,152644,1524055,20767,292,66,0,0,66.000,291.37
1687757,18524,39681,8661,292,66,0,0,66.000,291.37
1687757,1408050,568109,22438,333,66,0,0,66.000,291.37
1687757,4830,66022,7441,292,66,0,0,66.000,291.37
1687757,1460621,995198,2101,333,66,0,0,66.000,291.37
1687757,184969,1087358,456,292,66,0,0,66.000,291.37
1689713,510223,911408,16016,334,66,0,0,66.000,410.94
1689713,1329775,165061,7777,334,66,0,0,66.000,410.94
1689713,1461808,805389,45177,333,66,0,0,66.000,410.94
1689713,1192252,935747,3997,334,66,0,0,66.000,410.94
1689713,1215692,1646860,21327,292,66,0,0,66.000,410.94
1689713,824295,1133621,26492,334,66,0,0,66.000,410.94
1689713,298117,1035413,28003,334,66,0,0,66.000,410.94
1689713,673122,1002447,7518,292,66,0,0,66.000,410.94
1689713,1567890,1322161,6066,333,66,0,0,66.000,410.94
1689713,1576285,4704,6522,292,66,0,0,66.000,410.94
1689713,649113,880205,1197,291,66,0,0,66.000,410.94
1689713,1578706,53430,7692,334,66,0,0,66.000,410.94
1689713,184211,1055240,7690,291,66,0,0,66.000,410.94
1689713,38655,1084057,623,292,66,0,0,66.000,410.94
1689713,1419428,516929,5568,708,66,0,0,66.000,410.94
1689713,516648,698434,3821,291,66,0,0,66.000,410.94
1689713,1239155,1118516,21762,292,66,0,0,66.000,410.94
1689713,1415955,628438,7935,291,66,0,0,66.000,410.94
1689713,1299159,843875,5446,291,66,0,0,66.000,410.94
1689713,359481,332066,29769,333,66,0,0,66.000,410.94
1690153,340953,1522507,40150,292,66,0,0,66.000,520.25
1690153,244394,319249,426,333,66,0,0,66.000,520.25
1690153,1544380,1185431,24469,292,66,0,0,66.000,520.25
1690153,691220,244365,38551,292,66,0,0,66.000,520.25
1690153,1343879,1034706,28972,333,66,0,0,66.000,520.25
1690153,220350,530969,16964,334,66,0,0,66.000,520.25
1690153,195933,1191258,17459,292,66,0,0,66.000,520.25
1690153,154153,704892,1121,292,66,0,0,66.000,520.25
1690153,1073580,1125331,531,292,66,0,0,66.000,520.25
1690153,457726,396285,1118,333,66,0,0,66.000,520.25
1690153,1517168,671001,232,334,66,0,0,66.000,520.25
1690153,624092,1249813,32748,333,66,0,0,66.000,520.25
1690153,701198,600671,11760,292,66,0,0,66.000,520.25
1690153,1280395,434411,10268,333,66,0,0,66.000,520.25
1690153,144187,986503,13429,291,66,0,0,66.000,520.25
1690153,710022,564516,7678,292,66,0,0,66.000,520.25
1690153,1016933,1135978,27258,334,66,0,0,66.000,520.25
1690153,164993,1084920,16896,292,66,0,0,66.000,520.25
1690153,1506424,248373,35476,792,66,0,0,66.000,520.25
1690153,641444,125292,4141,292,66,0,0,66.000,520.25
1691119,1503379,539847,1286,292,66,0,0,66.000,260.40
1691119,699827,1526349,235,333,66,0,0,66.000,260.40
1691119,689528,471591,3344,333,66,0,0,66.000,260.40
1691119,187740,1282786,20388,334,66,0,0,66.000,260.40
1691119,7403,26924,10927,292,66,0,0,66.000,260.40
1691119,721615,386494,1542,334,66,0,0,66.000,260.40
1691119,241899,495114,2887,292,66,0,0,66.000,260.40
1691119,63906,300993,2643,292,66,0,0,66.000,260.40
1691119,722735,784780,17513,291,66,0,0,66.000,260.40
1691119,1574556,1512429,10395,333,66,0,0,66.000,260.40
1691119,937456,70093,3143,333,66,0,0,66.000,260.40
1691119,1328089,133775,10931,292,66,0,0,66.000,260.40
1691119,1654392,1035979,2389,333,66,0,0,66.000,260.40
1691119,743560,1645615,11570,291,66,0,0,66.000,260.40
1691119,1190704,713582,18335,333,66,0,0,66.000,260.40
1691119,1390011,402856,13016,292,66,0,0,66.000,260.40
1691119,538246,1079177,2388,334,66,0,0,66.000,260.40
1691119,1365535,217216,19572,791,66,0,0,66.000,260.40
1691119,283933,1245461,3008,292,66,0,0,66.000,260.40
1691119,104094,50034,9383,292,66,0,0,66.000,260.40
1695233,1396277,1601306,7603,291,66,0,0,66.000,288.05
1695233,883963,1218776,6156,334,66,0,0,66.000,288.05
1695233,1559922,1311254,3560,708,66,0,0,66.000,288.05
1695233,621363,342322,7696,334,66,0,0,66.000,288.05
1695233,1135023,869389,467,333,66,0,0,66.000,288.05
1695233,362494,1394198,16868,292,66,0,0,66.000,288.05
1695233,284950,1341145,1285,291,66,0,0,66.000,288.05
1695233,1232759,178564,2601,333,66,0,0,66.000,288.05
1695233,924648,1209442,18971,334,66,0,0,66.000,288.05
1695233,336433,1234658,4071,333,66,0,0,66.000,288.05
1695233,376523,1010315,755,292,66,0,0,66.000,288.05
1695233,59362,446352,25445,333,66,0,0,66.000,288.05
1695233,1300724,1282113,34149,292,66,0,0,66.000,288.05
1695233,1290073,565366,13005,292,66,0,0,66.000,288.05
1695233,1613583,630957,27901,292,66,0,0,66.000,288.05
1695233,254801,1117759,1202,291,66,0,0,66.000,288.05
1695233,248227,823580,3381,291,66,0,0,66.000,288.05
1695233,173079,155879,4125,334,66,0,0,66.000,288.05
1695233,224380,1443050,2788,334,66,0,0,66.000,288.05
1695233,1177611,1583341,378,291,66,0,0,66.000,288.05
1696333,656868,878156,5539,291,66,0,0,66.000,170.12
1696333,44950,731766,19975,750,66,0,0,66.000,170.12
1696333,1073970,578358,6786,333,66,0,0,66.000,170.12
1696333,48470,1188969,7156,292,66,0,0,66.000,170.12
1696333,440194,297068,23911,292,66,0,0,66.000,170.12
1696333,1440958,382941,896,333,66,0,0,66.000,170.12
1696333,1260553,152391,176,333,66,0,0,66.000,170.12
1696333,1073263,860203,5771,750,66,0,0,66.000,170.12
1696333,108263,498263,12279,750,66,0,0,66.000,170.12
1696333,865870,2824,1392,292,66,0,0,66.000,170.12
1696333,80328,1270811,1976,333,66,0,0,66.000,170.12
1696333,358318,1249871,1056,333,66,0,0,66.000,170.12
1696333,1340682,468915,4103,292,66,0,0,66.000,170.12
1696333,552015,1067057,1909,333,66,0,0,66.000,170.12
1696333,739157,1164011,5166,708,66,0,0,66.000,170.12
1696333,718565,1626028,826,333,66,0,0,66.000,170.12
1696333,6485,264721,112,750,66,0,0,66.000,170.12
1696333,1175447,499219,1058,291,66,0,0,66.000,170.12
1696333,1573536,420406,5102,334,66,0,0,66.000,170.12
1696333,1482496,985459,2342,292,66,0,0,66.000,170.12
1697719,1642755,257525,7610,292,66,0,0,66.000,188.47
1697719,1226185,1399659,4443,334,66,0,0,66.000,188.47
1697719,711231,1522663,83,292,66,0,0,66.000,188.47
1697719,10923,1485072,10237,292,66,0,0,66.000,188.47
1697719,1664718,17714,344,291,66,0,0,66.000,188.47
1697719,1048016,565858,274,333,66,0,0,66.000,188.47
1697719,536976,837667,5439,750,66,0,0,66.000,188.47
1697719,965557,1635595,11880,333,66,0,0,66.000,188.47
1697719,772651,905692,3909,292,66,0,0,66.000,188.47
1697719,1427636,406784,3524,292,66,0,0,66.000,188.47
1697719,891231,1377012,3078,292,66,0,0,66.000,188.47
1697719,315975,38043,10504,333,66,0,0,66.000,188.47
1697719,1038612,1334654,12740,333,66,0,0,66.000,188.47
1697719,929730,475996,1696,292,66,0,0,66.000,188.47
1697719,1424750,98071,13406,291,66,0,0,66.000,188.47
1697719,1328391,1449944,909,334,66,0,0,66.000,188.47
1697719,621863,227205,2513,292,66,0,0,66.000,188.47
1697719,1068313,1228423,17469,292,66,0,0,66.000,188.47
1697719,99285,845425,1554,334,66,0,0,66.000,188.47
1697719,783742,446275,7688,333,66,0,0,66.000,188.47
1697989,1595842,1656194,3171,292,66,0,0,66.000,214.91
1697989,174658,1304651,22756,292,66,0,0,66.000,214.91
1697989,760918,1167032,13587,292,66,0,0,66.000,214.91
1697989,1065943,41145,5864,292,66,0,0,66.000,214.91
1697989,208185,803179,6990,333,66,0,0,66.000,214.91
1697989,1673677,1207339,560,292,66,0,0,66.000,214.91
1697989,18263,262698,9036,292,66,0,0,66.000,214.91
1697989,889187,1609783,1651,334,66,0,0,66.000,214.91
1697989,567954,1619447,80,292,66,0,0,66.000,214.91
1697989,240308,221668,3146,708,66,0,0,66.000,214.91
1697989,225882,748907,9400,333,66,0,0,66.000,214.91
1697989,881043,1391952,2253,292,66,0,0,66.000,214.91
1697989,649883,818416,230,333,66,0,0,66.000,214.91
1697989,337080,1423694,10407,292,66,0,0,66.000,214.91
1697989,194328,150483,4204,292,66,0,0,66.000,214.91
1697989,306054,328087,324,292,66,0,0,66.000,214.91
1697989,899479,870502,11152,292,66,0,0,66.000,214.91
1697989,340669,468433,2966,333,66,0,0,66.000,214.91
1697989,853967,728950,12029,292,66,0,0,66.000,214.91
1697989,463971,1047018,16137,291,66,0,0,66.000,214.91
1698607,452148,1111181,3456,292,66,0,0,66.000,437.87
1698607,638133,21273,27313,292,66,0,0,66.000,437.87
1698607,629905,1645303,11455,292,66,0,0,66.000,437.87
1698607,87138,1686236,21107,709,66,0,0,66.000,437.87
1698607,985893,1460810,4034,708,66,0,0,66.000,437.87
1698607,1557659,851914,12461,292,66,0,0,66.000,437.87
1698607,1146186,1028722,11299,333,66,0,0,66.000,437.87
1698607,986810,1040609,3838,292,66,0,0,66.000,437.87
1698607,1315875,1593652,11051,292,66,0,0,66.000,437.87
1698607,328848,762749,3507,708,66,0,0,66.000,437.87
1698607,356301,1231089,3856,334,66,0,0,66.000,437.87
1698607,1268022,1686131,8395,333,66,0,0,66.000,437.87
1698607,1349940,160303,15957,292,66,0,0,66.000,437.87
1698607,665433,293680,7336,333,66,0,0,66.000,437.87
1698607,290473,417836,2095,333,66,0,0,66.000,437.87
1698607,1468434,1431350,6102,333,66,0,0,66.000,437.87
1698607,447083,1054500,2762,291,66,0,0,66.000,437.87
1698607,528305,91452,8889,334,66,0,0,66.000,437.87
1698607,184281,135904,67588,333,66,0,0,66.000,437.87
1698607,1526034,294889,45066,291,66,0,0,66.000,437.87
1699301,879366,1629408,19794,334,66,0,0,66.000,889.49
1699301,478075,416101,6123,333,66,0,0,66.000,889.49
1699301,316322,1280522,5893,291,66,0,0,66.000,889.49
1699301,1099184,524784,10978,291,66,0,0,66.000,889.49
1699301,1431675,1556381,46265,291,66,0,0,66.000,889.49
1699301,1683400,1109143,26941,334,66,0,0,66.000,889.49
1699301,701671,399145,119038,292,66,0,0,66.000,889.49
1699301,108801,449484,27230,292,66,0,0,66.000,889.49
1699301,352123,1477653,5507,333,66,0,0,66.000,889.49
1699301,601529,1073089,7520,333,66,0,0,66.000,889.49
1699301,1338573,280589,42390,291,66,0,0,66.000,889.49
1699301,639351,1400341,41994,292,66,0,0,66.000,889.49
1699301,834963,1550980,12465,292,66,0,0,66.000,889.49
1699301,821919,656616,59645,334,66,0,0,66.000,889.49
1699301,1634972,800306,926,292,66,0,0,66.000,889.49
1699301,1579872,872410,37647,333,66,0,0,66.000,889.49
1699301,1216267,1010113,3100,333,66,0,0,66.000,889.49
1699301,7354,443257,36199,708,66,0,0,66.000,889.49
1699301,1350847,1139877,15767,708,66,0,0,66.000,889.49
1699301,352577,1476545,38691,292,66,0,0,66.000,889.49
1699783,1018764,607698,3309,708,66,0,0,66.000,278.87
1699783,1464285,959494,1616,292,66,0,0,66.000,278.87
1699783,1355550,102103,7987,333,66,0,0,66.000,278.87
1699783,251322,1248160,7817,292,66,0,0,66.000,278.87
1699783,1196517,1307058,9145,292,66,0,0,66.000,278.87
1699783,1012013,341098,8889,292,66,0,0,66.000,278.87
1699783,855541,390421,14313,292,66,0,0,66.000,278.87
1699783,178506,1159800,10110,833,66,0,0,66.000,278.87
1699783,408333,596073,7798,292,66,0,0,66.000,278.87
1699783,395938,1204246,14122,292,66,0,0,66.000,278.87
1699783,600163,812082,974,709,66,0,0,66.000,278.87
1699783,1641009,434028,2909,291,66,0,0,66.000,278.87
1699783,1501459,110699,25734,291,66,0,0,66.000,278.87
1699783,1699323,857710,9829,334,66,0,0,66.000,278.87
1699783,616116,866207,10730,291,66,0,0,66.000,278.87
1699783,1218013,60647,1972,334,66,0,0,66.000,278.87
1699783,868590,1363485,6532,291,66,0,0,66.000,278.87
1699783,1240569,495519,3043,291,66,0,0,66.000,278.87
1699783,114256,532987,23544,292,66,0,0,66.000,278.87
1699783,435500,26933,6193,750,66,0,0,66.000,278.87
1699787,348328,487550,33249,333,66,0,0,66.000,363.61
1699787,914421,185451,17,291,66,0,0,66.000,363.61
1699787,658544,992141,1383,292,66,0,0,66.000,363.61
1699787,1603681,217520,292,333,66,0,0,66.000,363.61
1699787,1321374,1517072,9897,291,66,0,0,66.000,363.61
1699787,341195,1246072,2126,291,66,0,0,66.000,363.61
1699787,489294,196693,8051,292,66,0,0,66.000,363.61
1699787,936720,1658599,18129,292,66,0,0,66.000,363.61
1699787,715173,2669,22512,333,66,0,0,66.000,363.61
1699787,1326995,843880,13173,292,66,0,0,66.000,363.61
1699787,1184413,1055741,35622,334,66,0,0,66.000,363.61
1699787,925958,1390894,9284,333,66,0,0,66.000,363.61
1699787,431054,1339048,7228,333,66,0,0,66.000,363.61
1699787,90332,361379,795,333,66,0,0,66.000,363.61
1699787,828018,166147,5328,292,66,0,0,66.000,363.61
1699787,1376463,1045270,9697,291,66,0,0,66.000,363.61
1699787,1503396,1059262,22421,292,66,0,0,66.000,363.61
1699787,1182373,293239,11996,291,66,0,0,66.000,363.61
1699787,1603748,1021326,1320,292,66,0,0,66.000,363.61
1699787,1020938,1662077,17263,333,66,0,0,66.000,363.61
1700849,1329268,93672,23101,292,66,0,0,66.000,703.78
1700849,567099,810279,964,292,66,0,0,66.000,703.78
1700849,461438,1011678,61946,333,66,0,0,66.000,703.78
1700849,364882,1230997,32434,334,66,0,0,66.000,703.78
1700849,156152,157255,20367,291,66,0,0,66.000,703.78
1700849,210412,291698,2371,292,66,0,0,66.000,703.78
1700849,1536797,1232448,28676,333,66,0,0,66.000,703.78
1700849,924071,228840,30995,291,66,0,0,66.000,703.78
1700849,745838,1568413,29318,292,66,0,0,66.000,703.78
1700849,509515,852682,25287,291,66,0,0,66.000,703.78
1700849,997031,1148480,2426,333,66,0,0,66.000,703.78
1700849,420557,1700361,5404,292,66,0,0,66.000,703.78
1700849,1504696,1420273,9953,292,66,0,0,66.000,703.78
1700849,1148807,1611579,22286,292,66,0,0,66.000,703.78
1700849,279714,927863,11523,333,66,0,0,66.000,703.78
1700849,908201,1484858,36514,292,66,0,0,66.000,703.78
1700849,21328,377919,41867,292,66,0,0,66.000,703.78
1700849,1359072,1688645,15304,292,66,0,0,66.000,703.78
1700849,1184300,21475,16342,291,66,0,0,66.000,703.78
1700849,103189,808635,29024,292,66,0,0,66.000,703.78
1704041,1478402,1525685,567,292,66,0,0,66.000,278.32
1704041,1272368,1422485,1488,333,66,0,0,66.000,278.32
1704041,1703807,680621,22249,292,66,0,0,66.000,278.32
1704041,1238918,1379180,22697,750,66,0,0,66.000,278.32
1704041,1414253,1095141,8192,292,66,0,0,66.000,278.32
1704041,331901,919990,7359,334,66,0,0,66.000,278.32
1704041,838643,1692884,4871,292,66,0,0,66.000,278.32
1704041,652948,969796,2649,333,66,0,0,66.000,278.32
1704041,679809,1044948,6185,292,66,0,0,66.000,278.32
1704041,217517,621302,10809,292,66,0,0,66.000,278.32
1704041,359341,187812,12376,333,66,0,0,66.000,278.32
1704041,111240,1365508,6528,750,66,0,0,66.000,278.32
1704041,56394,1614288,2511,333,66,0,0,66.000,278.32
1704041,472354,595763,12774,292,66,0,0,66.000,278.32
1704041,1526297,681551,20061,333,66,0,0,66.000,278.32
1704041,401017,1564983,2067,292,66,0,0,66.000,278.32
1704041,1302161,673690,753,292,66,0,0,66.000,278.32
1704041,899272,1446948,21436,333,66,0,0,66.000,278.32
1704041,46797,482945,10368,334,66,0,0,66.000,278.32
1704041,323686,171077,338,792,66,0,0,66.000,278.32
1704377,1147507,836353,1237,333,66,0,0,66.000,134.82
1704377,317405,520634,2070,292,66,0,0,66.000,134.82
1704377,914976,105104,2164,334,66,0,0,66.000,134.82
1704377,918275,959257,4130,750,66,0,0,66.000,134.82
1704377,183368,869407,1759,708,66,0,0,66.000,134.82
1704377,125079,1453563,3591,292,66,0,0,66.000,134.82
1704377,951445,421842,2304,291,66,0,0,66.000,134.82
1704377,1422157,1478122,5070,292,66,0,0,66.000,134.82
1704377,780531,376893,494,334,66,0,0,66.000,134.82
1704377,440301,13877,6779,334,66,0,0,66.000,134.82
1704377,870405,1448241,7871,291,66,0,0,66.000,134.82
1704377,687764,1535931,2676,333,66,0,0,66.000,134.82
1704377,1266585,231047,3422,292,66,0,0,66.000,134.82
1704377,1023398,1274577,3966,333,66,0,0,66.000,134.82
1704377,836362,291108,591,333,66,0,0,66.000,134.82
1704377,572781,1033649,783,334,66,0,0,66.000,134.82
1704377,1183799,1030178,13315,334,66,0,0,66.000,134.82
1704377,949753,713595,5131,292,66,0,0,66.000,134.82
1704377,55640,847764,9718,291,66,0,0,66.000,134.82
1704377,567344,762507,8457,292,66,0,0,66.000,134.82
1704559,295269,756934,23856,708,66,0,0,66.000,415.87
1704559,214839,916682,33836,292,66,0,0,66.000,415.87
1704559,1049482,11636,11295,292,66,0,0,66.000,415.87
1704559,670455,935842,80,291,66,0,0,66.000,415.87
1704559,294496,423566,10135,334,66,0,0,66.000,415.87
1704559,1453011,1664350,2036,333,66,0,0,66.000,415.87
1704559,212991,43126,2396,291,66,0,0,66.000,415.87
1704559,423064,858019,26028,291,66,0,0,66.000,415.87
1704559,1319762,788006,3501,292,66,0,0,66.000,415.87
1704559,1383600,1009528,24338,292,66,0,0,66.000,415.87
1704559,1002134,1526504,27635,291,66,0,0,66.000,415.87
1704559,1621853,413184,25192,333,66,0,0,66.000,415.87
1704559,1435182,916672,4915,292,66,0,0,66.000,415.87
1704559,625700,1002022,1291,333,66,0,0,66.000,415.87
1704559,1287259,168588,15038,291,66,0,0,66.000,415.87
1704559,335399,1221537,9977,292,66,0,0,66.000,415.87
1704559,1404997,150711,782,333,66,0,0,66.000,415.87
1704559,1087389,1626820,28440,750,66,0,0,66.000,415.87
1704559,725601,1398399,366,292,66,0,0,66.000,415.87
1704559,1049073,1095222,11215,334,66,0,0,66.000,415.87
1704727,903389,186234,6543,333,66,0,0,66.000,478.01
1704727,1616108,498379,9702,292,66,0,0,66.000,478.01
1704727,1365338,1363736,40,333,66,0,0,66.000,478.01
1704727,225463,103437,28785,708,66,0,0,66.000,478.01
1704727,1447551,191422,243,333,66,0,0,66.000,478.01
1704727,394856,1383861,29219,750,66,0,0,66.000,478.01
1704727,799460,702854,524,334,66,0,0,66.000,478.01
1704727,544376,1315145,9329,750,66,0,0,66.000,478.01
1704727,619955,524840,3122,292,66,0,0,66.000,478.01
1704727,537890,61008,49546,333,66,0,0,66.000,478.01
1704727,236501,937719,31645,291,66,0,0,66.000,478.01
1704727,1221783,632882,42061,291,66,0,0,66.000,478.01
1704727,223109,91532,26781,333,66,0,0,66.000,478.01
1704727,555551,1379278,4870,333,66,0,0,66.000,478.01
1704727,363991,191207,752,708,66,0,0,66.000,478.01
1704727,1218584,551354,148,333,66,0,0,66.000,478.01
1704727,1449954,1427246,13563,750,66,0,0,66.000,478.01
1704727,743313,1633471,18144,292,66,0,0,66.000,478.01
1704727,974316,354060,7602,333,66,0,0,66.000,478.01
1704727,1625890,451083,20347,292,66,0,0,66.000,478.01
1706087,225092,703849,56169,292,66,0,0,66.000,533.44
1706087,973169,978014,18506,333,66,0,0,66.000,533.44
1706087,546883,187151,10997,291,66,0,0,66.000,533.44
1706087,280817,686543,687,333,66,0,0,66.000,533.44
1706087,1270086,1654248,4718,292,66,0,0,66.000,533.44
1706087,742163,1294630,16211,750,66,0,0,66.000,533.44
1706087,773877,1494993,5561,708,66,0,0,66.000,533.44
1706087,1623432,1580920,1277,292,66,0,0,66.000,533.44
1706087,1411051,1186863,43795,292,66,0,0,66.000,533.44
1706087,1583364,1591470,7733,291,66,0,0,66.000,533.44
1706087,647194,417026,11177,292,66,0,0,66.000,533.44
1706087,343867,946715,3916,333,66,0,0,66.000,533.44
1706087,1013447,1579651,49070,334,66,0,0,66.000,533.44
1706087,238391,56531,18238,291,66,0,0,66.000,533.44
1706087,733614,835110,45340,291,66,0,0,66.000,533.44
1706087,582267,1575164,10172,291,66,0,0,66.000,533.44
1706087,711106,344880,3068,333,66,0,0,66.000,533.44
1706087,413786,1621156,3884,292,66,0,0,66.000,533.44
1706087,1176026,1529446,13032,333,66,0,0,66.000,533.44
1706087,241799,383599,14524,334,66,0,0,66.000,533.44
1709143,161738,190919,19682,292,66,0,0,66.000,413.31
1709143,488303,856078,9676,334,66,0,0,66.000,413.31
1709143,170379,974491,15506,708,66,0,0,66.000,413.31
1709143,1569748,1332373,662,333,66,0,0,66.000,413.31
1709143,499925,1356880,7886,334,66,0,0,66.000,413.31
1709143,1340318,1130176,2950,292,66,0,0,66.000,413.31
1709143,680280,878094,8197,334,66,0,0,66.000,413.31
1709143,635939,1694923,20349,292,66,0,0,66.000,413.31
1709143,150389,1469904,4651,291,66,0,0,66.000,413.31
1709143,1631903,421397,24401,291,66,0,0,66.000,413.31
1709143,1462506,61864,6087,333,66,0,0,66.000,413.31
1709143,1392183,601856,7169,292,66,0,0,66.000,413.31
1709143,1058642,1445714,58270,375,66,0,0,66.000,413.31
1709143,150193,111789,7923,709,66,0,0,66.000,413.31
1709143,100261,609610,1322,334,66,0,0,66.000,413.31
1709143,71080,1654128,5802,334,66,0,0,66.000,413.31
1709143,658452,144991,11540,334,66,0,0,66.000,413.31
1709143,1266931,760857,13838,333,66,0,0,66.000,413.31
1709143,1392553,689124,4192,334,66,0,0,66.000,413.31
1709143,280330,687662,31945,333,66,0,0,66.000,413.31
1709161,49776,1432752,12282,333,66,0,0,66.000,675.87
1709161,1420829,1088919,1613,292,66,0,0,66.000,675.87
1709161,1468526,1406722,7560,333,66,0,0,66.000,675.87
1709161,126131,1391138,18911,292,66,0,0,66.000,675.87
1709161,446764,819037,43207,333,66,0,0,66.000,675.87
1709161,666953,1627895,3351,333,66,0,0,66.000,675.87
1709161,893933,1329059,33886,334,66,0,0,66.000,675.87
1709161,768604,1690667,13251,291,66,0,0,66.000,675.87
1709161,975404,105467,42496,292,66,0,0,66.000,675.87
1709161,653745,1700336,5358,292,66,0,0,66.000,675.87
1709161,1291884,1504435,54178,333,66,0,0,66.000,675.87
1709161,453211,1217622,2496,292,66,0,0,66.000,675.87
1709161,829218,250394,25207,333,66,0,0,66.000,675.87
1709161,10492,1123984,11412,750,66,0,0,66.000,675.87
1709161,109241,692752,67388,334,66,0,0,66.000,675.87
1709161,1618150,179924,7776,291,66,0,0,66.000,675.87
1709161,49494,111123,22719,291,66,0,0,66.000,675.87
1709161,643234,89651,5148,292,66,0,0,66.000,675.87
1709161,103889,260066,40518,291,66,0,0,66.000,675.87
1709161,954536,859964,9628,750,66,0,0,66.000,675.87
1713223,1241002,1703317,2757,333,66,0,0,66.000,265.91
1713223,199153,1483735,7913,333,66,0,0,66.000,265.91
1713223,243288,150631,775,292,66,0,0,66.000,265.91
1713223,1038754,912028,3711,333,66,0,0,66.000,265.91
1713223,1648034,1356506,2868,333,66,0,0,66.000,265.91
1713223,1117292,1531070,158,334,66,0,0,66.000,265.91
1713223,981333,948470,34299,708,66,0,0,66.000,265.91
1713223,1067576,513408,15301,291,66,0,0,66.000,265.91
1713223,632555,1545830,6679,333,66,0,0,66.000,265.91
1713223,1257396,2485,4807,291,66,0,0,66.000,265.91
1713223,143467,1166194,7414,291,66,0,0,66.000,265.91
1713223,1231628,545383,2747,292,66,0,0,66.000,265.91
1713223,464351,438695,1753,292,66,0,0,66.000,265.91
1713223,1070064,133425,3682,291,66,0,0,66.000,265.91
1713223,662230,590135,30787,292,66,0,0,66.000,265.91
1713223,157185,1630016,3284,292,66,0,0,66.000,265.91
1713223,361284,108743,5984,292,66,0,0,66.000,265.91
1713223,1654790,283577,16766,291,66,0,0,66.000,265.91
1713223,25848,654617,16355,292,66,0,0,66.000,265.91
1713223,54791,1088728,489,334,66,0,0,66.000,265.91
1715783,1298372,492509,15274,333,66,0,0,66.000,493.52
1715783,122166,1411772,16991,375,66,0,0,66.000,493.52
1715783,1544530,16600,6977,334,66,0,0,66.000,493.52
1715783,692255,1646493,8778,333,66,0,0,66.000,493.52
1715783,1095434,923905,2280,292,66,0,0,66.000,493.52
1715783,910548,222591,2053,292,66,0,0,66.000,493.52
1715783,194961,902403,10044,292,66,0,0,66.000,493.52
1715783,101691,720821,7893,292,66,0,0,66.000,493.52
1715783,993760,1028585,62373,292,66,0,0,66.000,493.52
1715783,658978,978543,9949,333,66,0,0,66.000,493.52
1715783,22320,1449123,2898,291,66,0,0,66.000,493.52
1715783,142925,203910,59856,291,66,0,0,66.000,493.52
1715783,413012,636220,5128,292,66,0,0,66.000,493.52
1715783,653810,331829,4691,291,66,0,0,66.000,493.52
1715783,679893,302142,827,334,66,0,0,66.000,493.52
1715783,789609,424341,15131,334,66,0,0,66.000,493.52
1715783,252530,1704169,10844,334,66,0,0,66.000,493.52
1715783,1170984,681564,40070,291,66,0,0,66.000,493.52
1715783,541458,574939,17109,292,66,0,0,66.000,493.52
1715783,2722,477186,12479,292,66,0,0,66.000,493.52
1719493,574270,820718,10919,292,66,0,0,66.000,246.46
1719493,525977,1187312,521,292,66,0,0,66.000,246.46
1719493,857977,1270430,1915,291,66,0,0,66.000,246.46
1719493,1687679,779417,7376,333,66,0,0,66.000,246.46
1719493,351531,1189871,9030,292,66,0,0,66.000,246.46
1719493,1706878,635862,20665,291,66,0,0,66.000,246.46
1719493,1157714,1431910,19673,333,66,0,0,66.000,246.46
1719493,1341381,789750,1910,292,66,0,0,66.000,246.46
1719493,1124276,1462338,6140,291,66,0,0,66.000,246.46
1719493,14134,1073474,13403,333,66,0,0,66.000,246.46
1719493,704488,618873,18823,291,66,0,0,66.000,246.46
1719493,695324,1135708,11681,334,66,0,0,66.000,246.46
1719493,1216776,459882,4312,292,66,0,0,66.000,246.46
1719493,1216609,1702479,6318,292,66,0,0,66.000,246.46
1719493,116379,839992,5061,292,66,0,0,66.000,246.46
1719493,769591,251238,4272,333,66,0,0,66.000,246.46
1719493,1615200,1614791,58,291,66,0,0,66.000,246.46
1719493,836805,1315290,4519,292,66,0,0,66.000,246.46
1719493,345559,137526,9135,334,66,0,0,66.000,246.46
1719493,876528,134020,260,334,66,0,0,66.000,246.46
1720211,1545893,143111,4156,333,66,0,0,66.000,227.18
1720211,1230356,647920,4223,291,66,0,0,66.000,227.18
1720211,440675,1061173,8005,292,66,0,0,66.000,227.18
1720211,882428,964665,4387,292,66,0,0,66.000,227.18
1720211,1012187,137562,1921,333,66,0,0,66.000,227.18
1720211,1708144,450000,17859,292,66,0,0,66.000,227.18
1720211,273672,1118039,3320,291,66,0,0,66.000,227.18
1720211,599265,1388762,29043,333,66,0,0,66.000,227.18
1720211,1639189,269038,241,334,66,0,0,66.000,227.18
1720211,81210,1493477,1413,750,66,0,0,66.000,227.18
1720211,511306,808873,3351,291,66,0,0,66.000,227.18
1720211,344590,736832,6372,292,66,0,0,66.000,227.18
1720211,285135,25020,5376,333,66,0,0,66.000,227.18
1720211,1127981,140893,12291,334,66,0,0,66.000,227.18
1720211,1180788,1003272,1394,292,66,0,0,66.000,227.18
1720211,273522,1365481,4577,333,66,0,0,66.000,227.18
1720211,1467956,96830,7121,334,66,0,0,66.000,227.18
1720211,303812,1114218,450,291,66,0,0,66.000,227.18
1720211,75300,810579,16506,292,66,0,0,66.000,227.18
1720211,629275,508663,11962,333,66,0,0,66.000,227.18
1720361,998115,1169762,2800,292,66,0,0,66.000,113.52
1720361,1292493,1292369,761,333,66,0,0,66.000,113.52
1720361,404417,86625,6073,333,66,0,0,66.000,113.52
1720361,1203198,186482,1609,292,66,0,0,66.000,113.52
1720361,217491,1642340,1195,334,66,0,0,66.000,113.52
1720361,1613425,205251,1748,333,66,0,0,66.000,113.52
1720361,1490829,907476,8881,291,66,0,0,66.000,113.52
1720361,1595386,576863,7358,333,66,0,0,66.000,113.52
1720361,1322598,1692496,1064,291,66,0,0,66.000,113.52
1720361,1339651,761639,733,334,66,0,0,66.000,113.52
1720361,602601,1718436,4750,292,66,0,0,66.000,113.52
1720361,1149920,242169,96,291,66,0,0,66.000,113.52
1720361,88201,334354,1038,292,66,0,0,66.000,113.52
1720361,63967,681272,2558,333,66,0,0,66.000,113.52
1720361,460657,1615882,632,291,66,0,0,66.000,113.52
1720361,307372,577728,6035,292,66,0,0,66.000,113.52
1720361,785632,221096,11437,334,66,0,0,66.000,113.52
1720361,1324448,1217228,3544,291,66,0,0,66.000,113.52
1720361,1015345,1319469,481,333,66,0,0,66.000,113.52
1720361,1461719,1494651,9099,334,66,0,0,66.000,113.52
1721149,622334,943584,6680,334,66,0,0,66.000,174.47
1721149,810422,859102,430,292,66,0,0,66.000,174.47
1721149,969620,423705,5164,292,66,0,0,66.000,174.47
1721149,39283,238963,1135,333,66,0,0,66.000,174.47
1721149,1354067,1427064,8259,292,66,0,0,66.000,174.47
1721149,1179951,1617848,11593,291,66,0,0,66.000,174.47
1721149,1578901,969720,1972,291,66,0,0,66.000,174.47
1721149,977408,1224082,660,334,66,0,0,66.000,174.47
1721149,1565359,552485,27513,333,66,0,0,66.000,174.47
1721149,224586,767967,19,292,66,0,0,66.000,174.47
1721149,444739,299674,7195,292,66,0,0,66.000,174.47
1721149,1012696,1232970,1974,292,66,0,0,66.000,174.47
1721149,306311,1441641,4838,750,66,0,0,66.000,174.47
1721149,1217615,1355423,6092,292,66,0,0,66.000,174.47
1721149,1356672,806282,970,291,66,0,0,66.000,174.47
1721149,122617,1148424,1876,292,66,0,0,66.000,174.47
1721149,2111,361290,4804,291,66,0,0,66.000,174.47
1721149,735606,140936,1184,333,66,0,0,66.000,174.47
1721149,547121,378533,2889,333,66,0,0,66.000,174.47
1721149,1481481,1055949,14831,292,66,0,0,66.000,174.47
1721453,310307,295075,15262,292,66,0,0,66.000,182.17
1721453,867645,26738,1677,333,66,0,0,66.000,182.17
1721453,422488,1550960,4507,334,66,0,0,66.000,182.17
1721453,357088,963783,751,333,66,0,0,66.000,182.17
1721453,765221,348559,12775,292,66,0,0,66.000,182.17
1721453,1501940,164695,5526,334,66,0,0,66.000,182.17
1721453,1581061,892646,2950,708,66,0,0,66.000,182.17
1721453,268519,165163,12018,292,66,0,0,66.000,182.17
1721453,421866,994450,3790,291,66,0,0,66.000,182.17
1721453,1494583,1141580,11169,291,66,0,0,66.000,182.17
1721453,1428373,397994,3841,292,66,0,0,66.000,182.17
1721453,1661231,732293,2273,333,66,0,0,66.000,182.17
1721453,1701722,394791,7013,334,66,0,0,66.000,182.17
1721453,1011045,1283715,651,292,66,0,0,66.000,182.17
1721453,1434807,1571524,1289,333,66,0,0,66.000,182.17
1721453,656345,781661,3930,292,66,0,0,66.000,182.17
1721453,1393369,1169804,2126,792,66,0,0,66.000,182.17
1721453,909343,1183895,4965,292,66,0,0,66.000,182.17
1721453,1376084,1299091,17656,292,66,0,0,66.000,182.17
1721453,1303783,778790,1252,333,66,0,0,66.000,182.17
1721693,525481,1328777,12516,292,66,0,0,66.000,238.23
1721693,1118345,930445,12814,292,66,0,0,66.000,238.23
1721693,1335101,704129,91,709,66,0,0,66.000,238.23
1721693,940694,247995,3077,708,66,0,0,66.000,238.23
1721693,515013,1314707,3469,291,66,0,0,66.000,238.23
1721693,101617,526678,545,333,66,0,0,66.000,238.23
1721693,390309,255172,10169,291,66,0,0,66.000,238.23
1721693,1075702,1642698,7983,291,66,0,0,66.000,238.23
1721693,1479098,865857,24209,333,66,0,0,66.000,238.23
1721693,306067,695086,13649,292,66,0,0,66.000,238.23
1721693,542521,969604,4840,334,66,0,0,66.000,238.23
1721693,1359365,1656931,5471,291,66,0,0,66.000,238.23
1721693,1366980,471923,6705,292,66,0,0,66.000,238.23
1721693,1491570,1117303,20383,750,66,0,0,66.000,238.23
1721693,133074,1300506,6137,333,66,0,0,66.000,238.23
1721693,570076,92342,3385,334,66,0,0,66.000,238.23
1721693,1367498,623172,1077,334,66,0,0,66.000,238.23
1721693,1529301,915149,9958,333,66,0,0,66.000,238.23
1721693,595677,1089827,39,333,66,0,0,66.000,238.23
1721693,1236676,1050789,4082,291,66,0,0,66.000,238.23
1722187,300702,1048096,22445,291,66,0,0,66.000,341.63
1722187,279396,183396,7851,292,66,0,0,66.000,341.63
1722187,502896,28213,1842,292,66,0,0,66.000,341.63
1722187,1165435,1523694,548,333,66,0,0,66.000,341.63
1722187,1308627,1353244,16076,333,66,0,0,66.000,341.63
1722187,377813,571965,20926,292,66,0,0,66.000,341.63
1722187,658615,965164,20283,292,66,0,0,66.000,341.63
1722187,1226014,490086,18082,292,66,0,0,66.000,341.63
1722187,432067,565009,3838,292,66,0,0,66.000,341.63
1722187,1183227,157934,5791,292,66,0,0,66.000,341.63
1722187,5337,846630,15772,291,66,0,0,66.000,341.63
1722187,1717899,1435639,15552,333,66,0,0,66.000,341.63
1722187,989102,1200985,9272,333,66,0,0,66.000,341.63
1722187,1318205,423865,10788,334,66,0,0,66.000,341.63
1722187,461416,1567245,1704,291,66,0,0,66.000,341.63
1722187,1567240,916920,8621,334,66,0,0,66.000,341.63
1722187,634795,736154,14710,334,66,0,0,66.000,341.63
1722187,508942,59807,12397,292,66,0,0,66.000,341.63
1722187,1572639,451167,1095,833,66,0,0,66.000,341.63
1722187,1400645,528062,8617,291,66,0,0,66.000,341.63
1722937,1127655,565211,4519,291,66,0,0,66.000,559.75
1722937,121819,64656,14444,333,66,0,0,66.000,559.75
1722937,1485229,463771,15153,292,66,0,0,66.000,559.75
1722937,1233322,815057,13611,333,66,0,0,66.000,559.75
1722937,1326032,976459,25190,750,66,0,0,66.000,559.75
1722937,53764,1323683,12891,334,66,0,0,66.000,559.75
1722937,383348,1618576,38823,334,66,0,0,66.000,559.75
1722937,126680,1092301,15647,334,66,0,0,66.000,559.75
1722937,1615367,309412,26015,333,66,0,0,66.000,559.75
1722937,586406,875291,54260,333,66,0,0,66.000,559.75
1722937,60519,256744,25312,292,66,0,0,66.000,559.75
1722937,739855,307807,22374,333,66,0,0,66.000,559.75
1722937,995752,838195,5354,292,66,0,0,66.000,559.75
1722937,1007043,1445498,14701,333,66,0,0,66.000,559.75
1722937,1519170,1269759,17102,750,66,0,0,66.000,559.75
1722937,851171,1411495,11422,308,66,0,0,66.000,559.75
1722937,1187416,532002,9553,709,66,0,0,66.000,559.75
1722937,920109,1624141,1912,333,66,0,0,66.000,559.75
1722937,460239,1514440,23855,292,66,0,0,66.000,559.75
1722937,273759,1206560,2532,291,66,0,0,66.000,559.75
1723801,1296057,1595521,9627,292,66,0,0,66.000,1196.24
1723801,1026917,794461,84842,291,66,0,0,66.000,1196.24
1723801,427744,406917,10925,333,66,0,0,66.000,1196.24
1723801,1556882,1528909,40932,292,66,0,0,66.000,1196.24
1723801,738492,1633754,21164,334,66,0,0,66.000,1196.24
1723801,554208,1440525,11162,292,66,0,0,66.000,1196.24
1723801,1343127,897024,72416,333,66,0,0,66.000,1196.24
1723801,1601568,63899,75339,291,66,0,0,66.000,1196.24
1723801,551555,1116264,34721,334,66,0,0,66.000,1196.24
1723801,1490600,974371,92033,291,66,0,0,66.000,1196.24
1723801,516256,334692,26345,291,66,0,0,66.000,1196.24
1723801,146557,235988,52865,333,66,0,0,66.000,1196.24
1723801,1663571,324767,12558,292,66,0,0,66.000,1196.24
1723801,441881,263356,69406,291,66,0,0,66.000,1196.24
1723801,68631,1602875,2164,291,66,0,0,66.000,1196.24
1723801,764578,726334,45899,292,66,0,0,66.000,1196.24
1723801,1359550,1317493,1263,750,66,0,0,66.000,1196.24
1723801,448579,1625456,7088,292,66,0,0,66.000,1196.24
1723801,1127136,1685603,74921,750,66,0,0,66.000,1196.24
1723801,1523270,1278694,12349,292,66,0,0,66.000,1196.24
1724059,571678,122664,14800,292,66,0,0,66.000,231.25
1724059,1642928,1448761,4373,291,66,0,0,66.000,231.25
1724059,1495031,1150126,859,292,66,0,0,66.000,231.25
1724059,1432268,1194284,12396,291,66,0,0,66.000,231.25
1724059,186601,1675931,8142,333,66,0,0,66.000,231.25
1724059,1128824,1699845,85,333,66,0,0,66.000,231.25
1724059,474017,497233,15944,333,66,0,0,66.000,231.25
1724059,1458771,914564,25098,292,66,0,0,66.000,231.25
1724059,1034757,908477,487,708,66,0,0,66.000,231.25
1724059,561559,1414913,2650,291,66,0,0,66.000,231.25
1724059,732022,1412893,150,292,66,0,0,66.000,231.25
1724059,487181,981807,5130,292,66,0,0,66.000,231.25
1724059,1476199,51378,3696,292,66,0,0,66.000,231.25
1724059,1130481,1681761,21209,292,66,0,0,66.000,231.25
1724059,327090,753315,3740,292,66,0,0,66.000,231.25
1724059,287725,505452,11997,291,66,0,0,66.000,231.25
1724059,399192,999940,5628,708,66,0,0,66.000,231.25
1724059,1097135,472042,3602,291,66,0,0,66.000,231.25
1724059,68361,1191261,2050,334,66,0,0,66.000,231.25
1724059,207659,424269,3958,333,66,0,0,66.000,231.25
1724399,734607,1683346,12137,292,66,0,0,66.000,400.76
1724399,417387,91962,17044,292,66,0,0,66.000,400.76
1724399,187710,775538,2791,292,66,0,0,66.000,400.76
1724399,1118750,1163112,5463,334,66,0,0,66.000,400.76
1724399,1108103,187201,30387,292,66,0,0,66.000,400.76
1724399,737977,552194,16544,292,66,0,0,66.000,400.76
1724399,1293454,75113,4699,333,66,0,0,66.000,400.76
1724399,83649,332054,3514,291,66,0,0,66.000,400.76
1724399,1363045,565279,7336,333,66,0,0,66.000,400.76
1724399,645724,863381,9074,292,66,0,0,66.000,400.76
1724399,1533980,591483,14227,292,66,0,0,66.000,400.76
1724399,844727,1467842,15694,292,66,0,0,66.000,400.76
1724399,501053,579943,47120,292,66,0,0,66.000,400.76
1724399,174555,162869,10652,291,66,0,0,66.000,400.76
1724399,433739,423775,20282,291,66,0,0,66.000,400.76
1724399,755723,1084596,20889,708,66,0,0,66.000,400.76
1724399,1283489,202888,325,334,66,0,0,66.000,400.76
1724399,811037,1462987,4249,292,66,0,0,66.000,400.76
1724399,434034,204139,6943,292,66,0,0,66.000,400.76
1724399,1107403,1581696,4609,333,66,0,0,66.000,400.76
1726201,631870,1264347,64283,291,66,0,0,66.000,865.60
1726201,266043,526339,10927,292,66,0,0,66.000,865.60
1726201,390541,258728,4811,708,66,0,0,66.000,865.60
1726201,211409,1532261,13092,292,66,0,0,66.000,865.60
1726201,915924,296801,2526,750,66,0,0,66.000,865.60
1726201,1354430,1182702,31269,334,66,0,0,66.000,865.60
1726201,751144,372638,40972,750,66,0,0,66.000,865.60
1726201,1589177,329865,14362,292,66,0,0,66.000,865.60
1726201,692113,620308,36546,708,66,0,0,66.000,865.60
1726201,222437,1010073,66356,292,66,0,0,66.000,865.60
1726201,1567720,16392,66824,291,66,0,0,66.000,865.60
1726201,246889,1463069,52667,292,66,0,0,66.000,865.60
1726201,106754,237331,14035,292,66,0,0,66.000,865.60
1726201,1248874,1428730,43616,292,66,0,0,66.000,865.60
1726201,760723,759740,1808,292,66,0,0,66.000,865.60
1726201,310709,1273385,14696,291,66,0,0,66.000,865.60
1726201,134175,1187703,199,334,66,0,0,66.000,865.60
1726201,56061,518188,9555,292,66,0,0,66.000,865.60
1726201,158305,826436,17869,292,66,0,0,66.000,865.60
1726201,1045372,1438414,42195,292,66,0,0,66.000,865.60
1727137,638684,493384,12592,292,66,0,0,66.000,629.24
1727137,407682,1441514,38243,333,66,0,0,66.000,629.24
1727137,1313994,190958,17517,333,66,0,0,66.000,629.24
1727137,1684474,207564,1075,333,66,0,0,66.000,629.24
1727137,166123,1074016,3513,334,66,0,0,66.000,629.24
1727137,1058486,53521,85698,292,66,0,0,66.000,629.24
1727137,417459,164304,4444,292,66,0,0,66.000,629.24
1727137,1494520,1408194,43565,292,66,0,0,66.000,629.24
1727137,1320248,651297,840,291,66,0,0,66.000,629.24
1727137,538105,1343167,8345,292,66,0,0,66.000,629.24
1727137,656143,1245617,23906,334,66,0,0,66.000,629.24
1727137,1573865,1703426,4281,292,66,0,0,66.000,629.24
1727137,522447,841807,10241,333,66,0,0,66.000,629.24
1727137,781619,657088,20600,333,66,0,0,66.000,629.24
1727137,300449,1713348,41228,291,66,0,0,66.000,629.24
1727137,407682,81570,44458,708,66,0,0,66.000,629.24
1727137,867942,1236106,5250,292,66,0,0,66.000,629.24
1727137,256456,577968,19412,750,66,0,0,66.000,629.24
1727137,752124,1704811,9685,291,66,0,0,66.000,629.24
1727137,890901,1081481,3520,333,66,0,0,66.000,629.24
1729253,1091530,1271546,30932,333,66,0,0,66.000,389.36
1729253,183200,564220,8883,292,66,0,0,66.000,389.36
1729253,1270715,1249646,4571,333,66,0,0,66.000,389.36
1729253,252853,1645018,24796,292,66,0,0,66.000,389.36
1729253,103103,1286981,21666,291,66,0,0,66.000,389.36
1729253,422564,572048,28019,292,66,0,0,66.000,389.36
1729253,746485,1529856,15345,291,66,0,0,66.000,389.36
1729253,1557919,632143,3773,292,66,0,0,66.000,389.36
1729253,1623375,764735,13237,292,66,0,0,66.000,389.36
1729253,159742,1460186,1778,292,66,0,0,66.000,389.36
1729253,1364716,40522,11088,291,66,0,0,66.000,389.36
1729253,1243604,1660908,2894,292,66,0,0,66.000,389.36
1729253,941625,1711505,8294,292,66,0,0,66.000,389.36
1729253,1233645,628074,5651,292,66,0,0,66.000,389.36
1729253,636210,600254,14650,292,66,0,0,66.000,389.36
1729253,863805,1389445,2038,334,66,0,0,66.000,389.36
1729253,1306689,1546899,228,291,66,0,0,66.000,389.36
1729253,659086,1003814,7083,333,66,0,0,66.000,389.36
1729253,832064,807454,5348,292,66,0,0,66.000,389.36
1729253,1491265,1580387,36377,334,66,0,0,66.000,389.36
1730431,526802,70897,2253,291,66,0,0,66.000,252.67
1730431,1511983,982019,4052,309,66,0,0,66.000,252.67
1730431,547616,653245,6777,333,66,0,0,66.000,252.67
1730431,45613,180548,13186,334,66,0,0,66.000,252.67
1730431,1206355,544334,6012,333,66,0,0,66.000,252.67
1730431,996719,1497692,2792,416,66,0,0,66.000,252.67
1730431,1648265,353671,6003,334,66,0,0,66.000,252.67
1730431,1128195,1243376,11388,292,66,0,0,66.000,252.67
1730431,1443927,494572,10108,750,66,0,0,66.000,252.67
1730431,1150823,1388294,15412,292,66,0,0,66.000,252.67
1730431,740696,930317,1112,291,66,0,0,66.000,252.67
1730431,142387,1208295,6694,334,66,0,0,66.000,252.67
1730431,651217,1098489,2705,334,66,0,0,66.000,252.67
1730431,1170322,1677661,16867,291,66,0,0,66.000,252.67
1730431,424955,153392,2216,334,66,0,0,66.000,252.67
1730431,29421,329959,10427,334,66,0,0,66.000,252.67
1730431,451233,1729354,90,292,66,0,0,66.000,252.67
1730431,380493,1120946,10322,309,66,0,0,66.000,252.67
1730431,1001194,1199312,25679,291,66,0,0,66.000,252.67
1730431,831981,694523,5948,750,66,0,0,66.000,252.67
1733297,1112065,1065973,1310,292,66,0,0,66.000,364.06
1733297,645860,708988,1964,333,66,0,0,66.000,364.06
1733297,40220,1055136,15030,292,66,0,0,66.000,364.06
1733297,1529711,429147,39583,750,66,0,0,66.000,364.06
1733297,175736,1272220,7093,291,66,0,0,66.000,364.06
1733297,966064,695904,14663,334,66,0,0,66.000,364.06
1733297,714353,1659952,21429,292,66,0,0,66.000,364.06
1733297,1266617,1372146,824,291,66,0,0,66.000,364.06
1733297,122768,32939,9347,292,66,0,0,66.000,364.06
1733297,1399036,481235,18856,292,66,0,0,66.000,364.06
1733297,1599308,300706,1559,292,66,0,0,66.000,364.06
1733297,1481912,509696,14233,292,66,0,0,66.000,364.06
1733297,132475,674459,4036,708,66,0,0,66.000,364.06
1733297,1622918,1496899,6066,292,66,0,0,66.000,364.06
1733297,1298917,1127796,2950,292,66,0,0,66.000,364.06
1733297,725743,834525,9127,750,66,0,0,66.000,364.06
1733297,115055,1535480,13015,292,66,0,0,66.000,364.06
1733297,242465,611350,30692,291,66,0,0,66.000,364.06
1733297,351860,666306,13429,292,66,0,0,66.000,364.06
1733297,1395946,265225,5397,292,66,0,0,66.000,364.06
1733651,1406719,866253,6497,291,66,0,0,66.000,341.86
1733651,655374,52196,2746,334,66,0,0,66.000,341.86
1733651,355609,1324449,5580,477,66,0,0,66.000,341.86
1733651,654450,826749,19968,726,66,0,0,66.000,341.86
1733651,736210,1728760,7765,708,66,0,0,66.000,341.86
1733651,963388,1468347,2700,334,66,0,0,66.000,341.86
1733651,86525,538813,35336,292,66,0,0,66.000,341.86
1733651,1463843,783714,977,292,66,0,0,66.000,341.86
1733651,1168917,1193217,3378,292,66,0,0,66.000,341.86
1733651,154614,523015,10519,292,66,0,0,66.000,341.86
1733651,1448712,1529282,7106,291,66,0,0,66.000,341.86
1733651,181106,16637,2716,291,66,0,0,66.000,341.86
1733651,1083638,1483811,30673,334,66,0,0,66.000,341.86
1733651,717474,574999,774,292,66,0,0,66.000,341.86
1733651,1719081,611456,5805,291,66,0,0,66.000,341.86
1733651,338567,1253353,2444,333,66,0,0,66.000,341.86
1733651,535302,736195,23199,333,66,0,0,66.000,341.86
1733651,1075814,210985,30559,333,66,0,0,66.000,341.86
1733651,1406719,681427,1282,709,66,0,0,66.000,341.86
1733651,796092,738388,16192,333,66,0,0,66.000,341.86
1734973,1532909,138406,29174,333,66,0,0,66.000,368.78
1734973,894500,301130,26009,292,66,0,0,66.000,368.78
1734973,106398,456764,785,334,66,0,0,66.000,368.78
1734973,1727889,1603008,4412,333,66,0,0,66.000,368.78
1734973,1014649,270847,29078,333,66,0,0,66.000,368.78
1734973,1726399,56961,11461,333,66,0,0,66.000,368.78
1734973,174047,480688,2463,333,66,0,0,66.000,368.78
1734973,594681,160407,1621,292,66,0,0,66.000,368.78
1734973,559790,158304,4610,292,66,0,0,66.000,368.78
1734973,1195062,1480806,16612,291,66,0,0,66.000,368.78
1734973,824780,1215204,18661,333,66,0,0,66.000,368.78
1734973,87043,1689457,19698,292,66,0,0,66.000,368.78
1734973,477263,1683723,3438,333,66,0,0,66.000,368.78
1734973,1500971,74723,5311,334,66,0,0,66.000,368.78
1734973,569839,1353985,8258,334,66,0,0,66.000,368.78
1734973,638712,281189,17044,833,66,0,0,66.000,368.78
1734973,415666,1306569,155,292,66,0,0,66.000,368.78
1734973,692942,418524,30104,750,66,0,0,66.000,368.78
1734973,1001714,1342726,2634,334,66,0,0,66.000,368.78
1734973,811200,502770,1907,334,66,0,0,66.000,368.78
1735001,1408934,36407,3263,709,66,0,0,66.000,170.31
1735001,1374011,1383236,12792,334,66,0,0,66.000,170.31
1735001,470540,110807,17803,333,66,0,0,66.000,170.31
1735001,1280134,1571584,4268,291,66,0,0,66.000,170.31
1735001,1045883,558934,1042,292,66,0,0,66.000,170.31
1735001,360990,885120,56,291,66,0,0,66.000,170.31
1735001,792892,759010,3733,333,66,0,0,66.000,170.31
1735001,630314,661859,9309,333,66,0,0,66.000,170.31
1735001,670756,1500755,122,291,66,0,0,66.000,170.31
1735001,1610537,323114,5238,308,66,0,0,66.000,170.31
1735001,902980,848865,7682,292,66,0,0,66.000,170.31
1735001,936510,347793,5116,333,66,0,0,66.000,170.31
1735001,1726652,819641,10025,291,66,0,0,66.000,170.31
1735001,1065827,318105,5793,292,66,0,0,66.000,170.31
1735001,548578,613630,8339,750,66,0,0,66.000,170.31
1735001,184844,1129908,5473,333,66,0,0,66.000,170.31
1735001,110155,1152835,1118,334,66,0,0,66.000,170.31
1735001,51439,32228,2957,292,66,0,0,66.000,170.31
1735001,1403136,758466,1215,292,66,0,0,66.000,170.31
1735001,51641,1300083,2325,292,66,0,0,66.000,170.31
1737403,608983,67910,227,334,66,0,0,66.000,374.26
1737403,768595,350221,3135,334,66,0,0,66.000,374.26
1737403,1274993,1193151,17064,292,66,0,0,66.000,374.26
1737403,880625,129946,5619,292,66,0,0,66.000,374.26
1737403,1298278,1383202,22692,292,66,0,0,66.000,374.26
1737403,1627689,1304967,10188,292,66,0,0,66.000,374.26
1737403,62746,1452747,923,333,66,0,0,66.000,374.26
1737403,1570903,1295389,2956,291,66,0,0,66.000,374.26
1737403,345113,788822,12619,750,66,0,0,66.000,374.26
1737403,1626495,1540084,29254,333,66,0,0,66.000,374.26
1737403,462778,148783,1421,709,66,0,0,66.000,374.26
1737403,167225,457464,2381,333,66,0,0,66.000,374.26
1737403,559169,700816,25645,292,66,0,0,66.000,374.26
1737403,607713,1603702,3091,292,66,0,0,66.000,374.26
1737403,983656,213686,30975,291,66,0,0,66.000,374.26
1737403,991645,895229,20204,292,66,0,0,66.000,374.26
1737403,1619888,407585,994,291,66,0,0,66.000,374.26
1737403,231298,982303,12769,333,66,0,0,66.000,374.26
1737403,544319,1034947,12106,333,66,0,0,66.000,374.26
1737403,1320213,549375,22679,334,66,0,0,66.000,374.26
1739303,774496,59475,9518,292,66,0,0,66.000,275.34
1739303,1104302,975518,243,708,66,0,0,66.000,275.34
1739303,1004751,1214439,3551,333,66,0,0,66.000,275.34
1739303,207782,122756,1651,292,66,0,0,66.000,275.34
1739303,1336657,1395376,10991,334,66,0,0,66.000,275.34
1739303,33777,1328198,31239,292,66,0,0,66.000,275.34
1739303,738406,1068900,424,333,66,0,0,66.000,275.34
1739303,44837,1290478,1253,292,66,0,0,66.000,275.34
1739303,124323,1363226,10289,333,66,0,0,66.000,275.34
1739303,767528,800087,8624,292,66,0,0,66.000,275.34
1739303,42889,725232,4879,334,66,0,0,66.000,275.34
1739303,486537,267975,18873,333,66,0,0,66.000,275.34
1739303,977904,980212,4048,333,66,0,0,66.000,275.34
1739303,1071509,741590,7563,292,66,0,0,66.000,275.34
1739303,717232,753805,5360,292,66,0,0,66.000,275.34
1739303,859451,232581,12403,291,66,0,0,66.000,275.34
1739303,525559,735749,15360,292,66,0,0,66.000,275.34
1739303,1030333,1631942,4853,291,66,0,0,66.000,275.34
1739303,730380,706300,8497,292,66,0,0,66.000,275.34
1739303,1176322,1652006,14824,292,66,0,0,66.000,275.34
1740811,853913,1140421,15627,333,66,0,0,66.000,337.90
1740811,1670696,1605884,8081,333,66,0,0,66.000,337.90
1740811,241379,650100,1555,292,66,0,0,66.000,337.90
1740811,115271,134677,7471,292,66,0,0,66.000,337.90
1740811,221665,1641480,5799,292,66,0,0,66.000,337.90
1740811,391427,1171643,24174,292,66,0,0,66.000,337.90
1740811,771997,910535,7522,291,66,0,0,66.000,337.90
1740811,1183395,906792,1880,292,66,0,0,66.000,337.90
1740811,1581496,316665,3335,292,66,0,0,66.000,337.90
1740811,406802,1684188,23206,333,66,0,0,66.000,337.90
1740811,1100148,1613895,9513,292,66,0,0,66.000,337.90
1740811,334488,1371439,8237,291,66,0,0,66.000,337.90
1740811,1189743,722891,14855,291,66,0,0,66.000,337.90
1740811,652945,612869,24343,291,66,0,0,66.000,337.90
1740811,787989,895545,6009,351,66,0,0,66.000,337.90
1740811,210492,768760,15697,292,66,0,0,66.000,337.90
1740811,1720212,726301,1724,333,66,0,0,66.000,337.90
1740811,1019764,399927,260,333,66,0,0,66.000,337.90
1740811,768009,1216055,33340,292,66,0,0,66.000,337.90
1740811,886186,1226336,1370,292,66,0,0,66.000,337.90
1741013,905568,1242681,9229,333,66,0,0,66.000,975.36
1741013,814418,909049,34912,291,66,0,0,66.000,975.36
1741013,1084440,1491546,12248,334,66,0,0,66.000,975.36
1741013,526676,1223919,8445,291,66,0,0,66.000,975.36
1741013,814854,1072392,30299,333,66,0,0,66.000,975.36
1741013,1312806,1645070,7751,292,66,0,0,66.000,975.36
1741013,960470,1687981,21414,333,66,0,0,66.000,975.36
1741013,763088,333490,85860,292,66,0,0,66.000,975.36
1741013,1419646,947141,13249,333,66,0,0,66.000,975.36
1741013,1334301,1001052,41870,291,66,0,0,66.000,975.36
1741013,609827,30664,65677,291,66,0,0,66.000,975.36
1741013,303542,1621768,52479,333,66,0,0,66.000,975.36
1741013,1256287,196174,77222,291,66,0,0,66.000,975.36
1741013,65306,318292,14414,291,66,0,0,66.000,975.36
1741013,703386,922633,29463,292,66,0,0,66.000,975.36
1741013,1706721,186087,7150,292,66,0,0,66.000,975.36
1741013,340480,1321412,7851,292,66,0,0,66.000,975.36
1741013,957230,1696615,8095,334,66,0,0,66.000,975.36
1741013,1699453,413733,70170,333,66,0,0,66.000,975.36
1741013,1074155,755870,20470,292,66,0,0,66.000,975.36
1743127,551284,1071243,11890,292,66,0,0,66.000,216.85
1743127,1728765,769228,1134,333,66,0,0,66.000,216.85
1743127,982284,1393318,4596,291,66,0,0,66.000,216.85
1743127,1291626,519020,7146,291,66,0,0,66.000,216.85
1743127,200298,881778,3023,767,66,0,0,66.000,216.85
1743127,1201842,1270085,7258,291,66,0,0,66.000,216.85
1743127,1186537,1459829,3202,333,66,0,0,66.000,216.85
1743127,925874,60616,1747,750,66,0,0,66.000,216.85
1743127,711819,134701,4229,291,66,0,0,66.000,216.85
1743127,265574,838471,15541,333,66,0,0,66.000,216.85
1743127,1402803,478487,22522,333,66,0,0,66.000,216.85
1743127,78306,551686,1825,292,66,0,0,66.000,216.85
1743127,1696368,936035,2764,333,66,0,0,66.000,216.85
1743127,1636045,849025,980,333,66,0,0,66.000,216.85
1743127,1352229,456371,3847,334,66,0,0,66.000,216.85
1743127,1549050,1609930,13932,333,66,0,0,66.000,216.85
1743127,419981,1629276,698,291,66,0,0,66.000,216.85
1743127,1390039,326542,18681,333,66,0,0,66.000,216.85
1743127,233138,660636,5716,292,66,0,0,66.000,216.85
1743127,166177,1361725,6638,334,66,0,0,66.000,216.85
1746211,1058872,32471,46335,333,66,0,0,66.000,823.93
1746211,1419070,80188,45078,334,66,0,0,66.000,823.93
1746211,227367,913165,17296,292,66,0,0,66.000,823.93
1746211,34572,1178685,571,292,66,0,0,66.000,823.93
1746211,234670,1394926,1630,334,66,0,0,66.000,823.93
1746211,20044,144212,5596,333,66,0,0,66.000,823.93
1746211,11529,1147774,18113,292,66,0,0,66.000,823.93
1746211,264696,576423,8216,333,66,0,0,66.000,823.93
1746211,377791,1080448,24178,292,66,0,0,66.000,823.93
1746211,263999,567398,44292,292,66,0,0,66.000,823.93
1746211,1392915,600554,5934,750,66,0,0,66.000,823.93
1746211,184319,647896,41920,291,66,0,0,66.000,823.93
1746211,506749,1389902,98874,292,66,0,0,66.000,823.93
1746211,1492931,171502,25995,292,66,0,0,66.000,823.93
1746211,960482,211445,30788,750,66,0,0,66.000,823.93
1746211,1208603,1732069,796,292,66,0,0,66.000,823.93
1746211,1250879,1001157,28103,292,66,0,0,66.000,823.93
1746211,265727,1585967,38200,292,66,0,0,66.000,823.93
1746211,866049,1489087,11729,334,66,0,0,66.000,823.93
1746211,1677053,725487,27832,292,66,0,0,66.000,823.93
1746449,960332,1216837,4294,292,66,0,0,66.000,169.82
1746449,999064,1492942,8244,334,66,0,0,66.000,169.82
1746449,1320381,70998,5350,291,66,0,0,66.000,169.82
1746449,1441551,914695,5739,334,66,0,0,66.000,169.82
1746449,1407202,423606,2409,292,66,0,0,66.000,169.82
1746449,1462294,1283518,1489,334,66,0,0,66.000,169.82
1746449,1724886,759947,20508,292,66,0,0,66.000,169.82
1746449,1286723,1349165,2487,333,66,0,0,66.000,169.82
1746449,1020888,1638333,6024,292,66,0,0,66.000,169.82
1746449,139723,766181,4314,292,66,0,0,66.000,169.82
1746449,1688364,570585,1016,292,66,0,0,66.000,169.82
1746449,917809,148714,6167,291,66,0,0,66.000,169.82
1746449,1600893,1563425,2036,750,66,0,0,66.000,169.82
1746449,1120677,256930,7842,333,66,0,0,66.000,169.82
1746449,403881,7076,10741,334,66,0,0,66.000,169.82
1746449,1525338,533474,2747,292,66,0,0,66.000,169.82
1746449,1691409,776220,2769,291,66,0,0,66.000,169.82
1746449,306061,617973,4030,333,66,0,0,66.000,169.82
1746449,233870,1292458,1152,291,66,0,0,66.000,169.82
1746449,1260164,1249721,8272,334,66,0,0,66.000,169.82
1746911,467912,1619059,4455,333,66,0,0,66.000,139.26
1746911,697057,1428507,1397,333,66,0,0,66.000,139.26
1746911,330321,621476,2898,333,66,0,0,66.000,139.26
1746911,974473,273073,1593,333,66,0,0,66.000,139.26
1746911,1444210,67057,1573,292,66,0,0,66.000,139.26
1746911,353040,489616,19481,292,66,0,0,66.000,139.26
1746911,1270430,262235,136,708,66,0,0,66.000,139.26
1746911,1080305,1733113,1476,292,66,0,0,66.000,139.26
1746911,1666606,454157,8266,292,66,0,0,66.000,139.26
1746911,162763,302981,5446,333,66,0,0,66.000,139.26
1746911,479071,111370,4328,333,66,0,0,66.000,139.26
1746911,78831,1210923,7205,334,66,0,0,66.000,139.26
1746911,96228,1711472,2798,333,66,0,0,66.000,139.26
1746911,553038,362180,1651,292,66,0,0,66.000,139.26
1746911,1416970,909521,16411,333,66,0,0,66.000,139.26
1746911,636853,768235,2015,333,66,0,0,66.000,139.26
1746911,898159,1024554,1275,291,66,0,0,66.000,139.26
1746911,1254735,495963,3226,291,66,0,0,66.000,139.26
1746911,582521,761296,1619,750,66,0,0,66.000,139.26
1746911,836125,646572,592,375,66,0,0,66.000,139.26
1747231,432226,1132203,3576,292,66,0,0,66.000,223.46
1747231,1311624,1622703,6767,291,66,0,0,66.000,223.46
1747231,311840,352548,20012,334,66,0,0,66.000,223.46
1747231,1159532,404384,2030,292,66,0,0,66.000,223.46
1747231,554029,725311,84,708,66,0,0,66.000,223.46
1747231,1543962,1564547,1181,333,66,0,0,66.000,223.46
1747231,1695846,1664847,7251,292,66,0,0,66.000,223.46
1747231,795810,1421599,10618,292,66,0,0,66.000,223.46
1747231,240401,1595970,456,292,66,0,0,66.000,223.46
1747231,922293,889918,2671,292,66,0,0,66.000,223.46
1747231,909989,549519,1601,708,66,0,0,66.000,223.46
1747231,1698468,320540,1487,292,66,0,0,66.000,223.46
1747231,1218165,656801,744,750,66,0,0,66.000,223.46
1747231,547422,1557440,15134,292,66,0,0,66.000,223.46
1747231,347772,366197,11456,292,66,0,0,66.000,223.46
1747231,1410337,115923,7666,333,66,0,0,66.000,223.46
1747231,1206561,765329,21635,334,66,0,0,66.000,223.46
1747231,104982,1533204,5817,291,66,0,0,66.000,223.46
1747231,1730035,1053487,16500,292,66,0,0,66.000,223.46
1747231,385305,1673236,4395,291,66,0,0,66.000,223.46
1747987,1534922,1334628,2660,292,66,0,0,66.000,390.69
1747987,717184,941213,15241,292,66,0,0,66.000,390.69
1747987,384182,1511017,2014,333,66,0,0,66.000,390.69
1747987,535075,1387864,18534,333,66,0,0,66.000,390.69
1747987,1409714,1205593,8953,334,66,0,0,66.000,390.69
1747987,1127259,530987,6926,333,66,0,0,66.000,390.69
1747987,337490,1081751,28972,333,66,0,0,66.000,390.69
1747987,1557351,444694,14028,375,66,0,0,66.000,390.69
1747987,1268260,1572849,582,333,66,0,0,66.000,390.69
1747987,705028,1363805,1036,334,66,0,0,66.000,390.69
1747987,1016473,452610,3241,291,66,0,0,66.000,390.69
1747987,1535357,1527535,8345,291,66,0,0,66.000,390.69
1747987,657710,565674,46736,292,66,0,0,66.000,390.69
1747987,1354937,1384727,8145,334,66,0,0,66.000,390.69
1747987,31547,605775,10619,750,66,0,0,66.000,390.69
1747987,956051,301873,5334,291,66,0,0,66.000,390.69
1747987,1462175,640900,29656,291,66,0,0,66.000,390.69
1747987,850476,541652,1595,334,66,0,0,66.000,390.69
1747987,473862,425289,13861,292,66,0,0,66.000,390.69
1747987,1083660,631786,20994,292,66,0,0,66.000,390.69
1748743,455967,1569883,4371,291,66,0,0,66.000,368.88
1748743,956405,766019,23266,292,66,0,0,66.000,368.88
1748743,25695,1369887,14566,333,66,0,0,66.000,368.88
1748743,1274984,302393,38219,333,66,0,0,66.000,368.88
1748743,803532,163790,3589,333,66,0,0,66.000,368.88
1748743,125492,1467488,1221,291,66,0,0,66.000,368.88
1748743,1350231,1633090,13726,292,66,0,0,66.000,368.88
1748743,199449,853940,3816,333,66,0,0,66.000,368.88
1748743,1618524,676273,11871,333,66,0,0,66.000,368.88
1748743,1411002,1294395,5061,334,66,0,0,66.000,368.88
1748743,753299,1747753,6790,333,66,0,0,66.000,368.88
1748743,1220976,1011842,2916,292,66,0,0,66.000,368.88
1748743,1615678,1344775,25505,333,66,0,0,66.000,368.88
1748743,757559,306468,2463,292,66,0,0,66.000,368.88
1748743,421443,789184,6767,292,66,0,0,66.000,368.88
1748743,1505326,22345,9650,333,66,0,0,66.000,368.88
1748743,1265683,1244003,3110,292,66,0,0,66.000,368.88
1748743,147252,1436132,8811,334,66,0,0,66.000,368.88
1748743,578061,141706,24416,334,66,0,0,66.000,368.88
1748743,1039536,1368537,23477,333,66,0,0,66.000,368.88
1749499,1418744,1045402,264,291,66,0,0,66.000,303.76
1749499,828190,889041,3989,333,66,0,0,66.000,303.76
1749499,293809,1424588,322,709,66,0,0,66.000,303.76
1749499,723965,282937,22543,333,66,0,0,66.000,303.76
1749499,108119,74689,2088,292,66,0,0,66.000,303.76
1749499,1189029,293300,21326,333,66,0,0,66.000,303.76
1749499,1542689,1437979,6516,334,66,0,0,66.000,303.76
1749499,916247,238616,2574,333,66,0,0,66.000,303.76
1749499,355383,1067336,99,333,66,0,0,66.000,303.76
1749499,1562063,1253781,9911,291,66,0,0,66.000,303.76
1749499,934282,816537,10869,292,66,0,0,66.000,303.76
1749499,773978,985561,5356,333,66,0,0,66.000,303.76
1749499,1280478,487144,13190,291,66,0,0,66.000,303.76
1749499,887749,1101035,29222,334,66,0,0,66.000,303.76
1749499,1542455,304003,14609,334,66,0,0,66.000,303.76
1749499,1684455,91332,11007,709,66,0,0,66.000,303.76
1749499,1646223,1579155,9744,291,66,0,0,66.000,303.76
1749499,789540,1161073,9891,333,66,0,0,66.000,303.76
1749499,417978,1081289,5990,333,66,0,0,66.000,303.76
1749499,1470551,190092,12755,333,66,0,0,66.000,303.76
1750267,1221629,1141780,298,333,66,0,0,66.000,274.54
1750267,258354,1672188,1090,334,66,0,0,66.000,274.54
1750267,751482,1189654,25060,291,66,0,0,66.000,274.54
1750267,192318,1537807,17305,292,66,0,0,66.000,274.54
1750267,1368419,1639993,12776,292,66,0,0,66.000,274.54
1750267,975229,1285628,18322,333,66,0,0,66.000,274.54
1750267,624715,1166620,818,334,66,0,0,66.000,274.54
1750267,523859,188187,2517,334,66,0,0,66.000,274.54
1750267,846260,1436612,7544,333,66,0,0,66.000,274.54
1750267,202901,439078,18648,333,66,0,0,66.000,274.54
1750267,186643,370500,18353,333,66,0,0,66.000,274.54
1750267,1069242,36001,834,333,66,0,0,66.000,274.54
1750267,1164458,484213,6164,750,66,0,0,66.000,274.54
1750267,1274681,782612,2792,292,66,0,0,66.000,274.54
1750267,697829,1730563,8357,333,66,0,0,66.000,274.54
1750267,970278,768219,4530,292,66,0,0,66.000,274.54
1750267,1598115,409156,6674,291,66,0,0,66.000,274.54
1750267,549983,1520089,13073,334,66,0,0,66.000,274.54
1750267,1084114,1315689,3405,334,66,0,0,66.000,274.54
1750267,1097706,1055491,1602,292,66,0,0,66.000,274.54
1753289,534632,282713,15853,334,66,0,0,66.000,341.80
1753289,1063293,1698096,1750,292,66,0,0,66.000,341.80
1753289,115922,1619220,7715,291,66,0,0,66.000,341.80
1753289,1319376,553993,8440,333,66,0,0,66.000,341.80
1753289,1651009,364588,434,292,66,0,0,66.000,341.80
1753289,1285545,649783,5033,333,66,0,0,66.000,341.80
1753289,367105,1378191,86,333,66,0,0,66.000,341.80
1753289,1078417,1533467,3526,334,66,0,0,66.000,341.80
1753289,803063,1264437,15672,291,66,0,0,66.000,341.80
1753289,86703,85588,49302,333,66,0,0,66.000,341.80
1753289,1124124,978981,10978,291,66,0,0,66.000,341.80
1753289,1355737,1668717,7937,292,66,0,0,66.000,341.80
1753289,890878,607324,2205,292,66,0,0,66.000,341.80
1753289,1208308,1603787,9520,333,66,0,0,66.000,341.80
1753289,457760,1227865,1139,333,66,0,0,66.000,341.80
1753289,1701493,103676,3507,292,66,0,0,66.000,341.80
1753289,968920,764799,43738,291,66,0,0,66.000,341.80
1753289,844234,1651747,6195,292,66,0,0,66.000,341.80
1753289,1395365,280376,18430,292,66,0,0,66.000,341.80
1753289,187327,1044521,4099,292,66,0,0,66.000,341.80
1755263,1588994,746106,4762,333,66,0,0,66.000,312.24
1755263,1128888,636103,4412,334,66,0,0,66.000,312.24
1755263,1422289,893820,16304,334,66,0,0,66.000,312.24
1755263,882668,1642447,1803,291,66,0,0,66.000,312.24
1755263,314522,214246,10625,333,66,0,0,66.000,312.24
1755263,382699,790921,19518,334,66,0,0,66.000,312.24
1755263,1581063,6876,9824,291,66,0,0,66.000,312.24
1755263,1584265,1031263,25619,292,66,0,0,66.000,312.24
1755263,1074413,1472988,13233,291,66,0,0,66.000,312.24
1755263,1286572,529102,3348,333,66,0,0,66.000,312.24
1755263,1535242,693448,6022,333,66,0,0,66.000,312.24
1755263,125124,1570704,13001,708,66,0,0,66.000,312.24
1755263,1119529,960478,10405,333,66,0,0,66.000,312.24
1755263,1013210,1446851,3707,292,66,0,0,66.000,312.24
1755263,1101658,577626,3813,292,66,0,0,66.000,312.24
1755263,906012,869430,2333,334,66,0,0,66.000,312.24
1755263,867682,492603,4287,333,66,0,0,66.000,312.24
1755263,854748,934304,1281,750,66,0,0,66.000,312.24
1755263,567324,1234020,19800,333,66,0,0,66.000,312.24
1755263,1069730,1319070,23454,333,66,0,0,66.000,312.24
1761989,82025,1494523,2259,334,66,0,0,66.000,401.62
1761989,639899,356754,1471,334,66,0,0,66.000,401.62
1761989,944764,1383610,8474,291,66,0,0,66.000,401.62
1761989,1391015,651999,307,292,66,0,0,66.000,401.62
1761989,709230,1162930,5567,291,66,0,0,66.000,401.62
1761989,669035,1349947,18635,750,66,0,0,66.000,401.62
1761989,17135,506245,42146,292,66,0,0,66.000,401.62
1761989,671472,1284343,2925,292,66,0,0,66.000,401.62
1761989,1749683,1039273,7873,333,66,0,0,66.000,401.62
1761989,1658783,451601,44467,333,66,0,0,66.000,401.62
1761989,1170821,176848,11688,291,66,0,0,66.000,401.62
1761989,1273629,1242606,9403,334,66,0,0,66.000,401.62
1761989,1635371,635972,995,292,66,0,0,66.000,401.62
1761989,791636,68216,36308,291,66,0,0,66.000,401.62
1761989,295121,1412866,6685,333,66,0,0,66.000,401.62
1761989,659017,1019849,7703,750,66,0,0,66.000,401.62
1761989,1159299,1304039,10682,292,66,0,0,66.000,401.62
1761989,35529,1466867,6508,709,66,0,0,66.000,401.62
1761989,1012914,708170,17374,292,66,0,0,66.000,401.62
1761989,555660,536403,12900,750,66,0,0,66.000,401.62
1762931,404431,1708944,2964,334,66,0,0,66.000,477.23
1762931,1372124,1201038,364,291,66,0,0,66.000,477.23
1762931,1288304,1123022,1049,333,66,0,0,66.000,477.23
1762931,1160087,1567788,2192,333,66,0,0,66.000,477.23
1762931,880439,644042,17780,291,66,0,0,66.000,477.23
1762931,1392324,18739,5704,291,66,0,0,66.000,477.23
1762931,1392854,103386,25232,291,66,0,0,66.000,477.23
1762931,880957,969696,13934,292,66,0,0,66.000,477.23
1762931,191489,414018,29638,334,66,0,0,66.000,477.23
1762931,1280997,1728221,7196,291,66,0,0,66.000,477.23
1762931,1627948,1491250,115252,333,66,0,0,66.000,477.23
1762931,1377664,1027055,24319,708,66,0,0,66.000,477.23
1762931,614127,915547,1521,333,66,0,0,66.000,477.23
1762931,1467462,622479,9584,708,66,0,0,66.000,477.23
1762931,1022037,877227,2081,291,66,0,0,66.000,477.23
1762931,1476348,130028,16359,292,66,0,0,66.000,477.23
1762931,642493,1704038,6250,292,66,0,0,66.000,477.23
1762931,1360743,549966,5108,292,66,0,0,66.000,477.23
1762931,1685155,1517287,2359,292,66,0,0,66.000,477.23
1762931,1377493,890570,13490,333,66,0,0,66.000,477.23
1763701,1318166,689714,14567,334,66,0,0,66.000,295.01
1763701,546963,249369,12714,291,66,0,0,66.000,295.01
1763701,817599,1325568,2455,375,66,0,0,66.000,295.01
1763701,560653,73969,37091,333,66,0,0,66.000,295.01
1763701,336903,1726303,2706,750,66,0,0,66.000,295.01
1763701,219157,594782,111,750,66,0,0,66.000,295.01
1763701,116485,55940,3033,334,66,0,0,66.000,295.01
1763701,893015,1355532,11892,291,66,0,0,66.000,295.01
1763701,1094318,275998,9596,334,66,0,0,66.000,295.01
1763701,541406,1218341,6801,291,66,0,0,66.000,295.01
1763701,1540379,445467,387,334,66,0,0,66.000,295.01
1763701,898098,680634,521,292,66,0,0,66.000,295.01
1763701,613599,299965,11513,333,66,0,0,66.000,295.01
1763701,627829,78700,2293,333,66,0,0,66.000,295.01
1763701,703109,1164615,30044,292,66,0,0,66.000,295.01
1763701,246203,1626756,3327,291,66,0,0,66.000,295.01
1763701,1572550,1092526,1296,333,66,0,0,66.000,295.01
1763701,119524,1352677,7951,750,66,0,0,66.000,295.01
1763701,584675,1121924,28030,333,66,0,0,66.000,295.01
1763701,1349069,1424566,390,291,66,0,0,66.000,295.01
1768229,1034722,1637021,16338,333,66,0,0,66.000,363.57
1768229,853580,899775,29134,333,66,0,0,66.000,363.57
1768229,870250,1218801,3793,292,66,0,0,66.000,363.57
1768229,500912,1433764,2195,292,66,0,0,66.000,363.57
1768229,952873,1723365,11149,292,66,0,0,66.000,363.57
1768229,789130,783543,6900,334,66,0,0,66.000,363.57
1768229,360421,1488677,7719,750,66,0,0,66.000,363.57
1768229,1348873,70188,8086,292,66,0,0,66.000,363.57
1768229,290703,827984,29699,292,66,0,0,66.000,363.57
1768229,337575,1457427,9156,291,66,0,0,66.000,363.57
1768229,1180448,1636917,2303,292,66,0,0,66.000,363.57
1768229,8362,1174391,10610,310,66,0,0,66.000,363.57
1768229,728301,158901,249,291,66,0,0,66.000,363.57
1768229,598672,739012,11508,292,66,0,0,66.000,363.57
1768229,960500,1125436,1822,291,66,0,0,66.000,363.57
1768229,1320706,1015406,26225,334,66,0,0,66.000,363.57
1768229,420553,711233,30878,291,66,0,0,66.000,363.57
1768229,394006,842223,7044,292,66,0,0,66.000,363.57
1768229,1734571,941254,2456,292,66,0,0,66.000,363.57
1768229,1268871,1175741,12871,709,66,0,0,66.000,363.57
1768951,1296738,1285363,36619,291,66,0,0,66.000,262.69
1768951,399808,1523537,1861,292,66,0,0,66.000,262.69
1768951,923845,463440,6415,292,66,0,0,66.000,262.69
1768951,1086575,1761936,6668,333,66,0,0,66.000,262.69
1768951,990389,1498599,3327,334,66,0,0,66.000,262.69
1768951,28321,1211718,4641,291,66,0,0,66.000,262.69
1768951,1205465,289171,14398,292,66,0,0,66.000,262.69
1768951,1652510,1699155,2703,334,66,0,0,66.000,262.69
1768951,998299,99283,529,292,66,0,0,66.000,262.69
1768951,260654,1751697,11570,333,66,0,0,66.000,262.69
1768951,442780,1290421,12592,333,66,0,0,66.000,262.69
1768951,1002927,891205,6228,292,66,0,0,66.000,262.69
1768951,878361,420750,4173,291,66,0,0,66.000,262.69
1768951,1401884,664333,384,708,66,0,0,66.000,262.69
1768951,931238,232737,11831,292,66,0,0,66.000,262.69
1768951,1198119,807743,4398,333,66,0,0,66.000,262.69
1768951,1048494,1404754,8017,333,66,0,0,66.000,262.69
1768951,1262148,471478,6564,292,66,0,0,66.000,262.69
1768951,96276,1097002,7860,292,66,0,0,66.000,262.69
1768951,451744,544526,15479,292,66,0,0,66.000,262.69
1776193,214256,817483,32895,750,66,0,0,66.000,548.41
1776193,245414,438371,10165,292,66,0,0,66.000,548.41
1776193,85665,1378544,20474,292,66,0,0,66.000,548.41
1776193,1445531,1290599,26727,292,66,0,0,66.000,548.41
1776193,772033,255331,1012,334,66,0,0,66.000,548.41
1776193,289966,416608,44345,292,66,0,0,66.000,548.41
1776193,1314576,1446412,11812,333,66,0,0,66.000,548.41
1776193,1371332,269011,1270,292,66,0,0,66.000,548.41
1776193,68561,1677115,7122,291,66,0,0,66.000,548.41
1776193,289966,735837,8450,291,66,0,0,66.000,548.41
1776193,1721450,1348528,15495,334,66,0,0,66.000,548.41
1776193,1220145,406433,42189,333,66,0,0,66.000,548.41
1776193,35044,1131273,3479,333,66,0,0,66.000,548.41
1776193,758715,1296821,15113,334,66,0,0,66.000,548.41
1776193,564432,1623056,4195,291,66,0,0,66.000,548.41
1776193,231932,425897,39041,292,66,0,0,66.000,548.41
1776193,971357,569337,5845,334,66,0,0,66.000,548.41
1776193,886750,434925,13788,292,66,0,0,66.000,548.41
1776193,186854,617244,11207,750,66,0,0,66.000,548.41
1776193,1737736,1340622,32534,334,66,0,0,66.000,548.41
1776673,1456099,1047675,7285,292,66,0,0,66.000,514.46
1776673,1605134,719574,1929,333,66,0,0,66.000,514.46
1776673,1502647,1698810,2360,768,66,0,0,66.000,514.46
1776673,561519,1422653,6027,750,66,0,0,66.000,514.46
1776673,1187369,116438,52214,333,66,0,0,66.000,514.46
1776673,912406,687338,42327,333,66,0,0,66.000,514.46
1776673,1621427,551782,2183,292,66,0,0,66.000,514.46
1776673,1497587,900898,17368,292,66,0,0,66.000,514.46
1776673,391038,978116,56,291,66,0,0,66.000,514.46
1776673,1698304,1059173,27488,333,66,0,0,66.000,514.46
1776673,1484302,931920,13862,292,66,0,0,66.000,514.46
1776673,1381628,991542,4580,291,66,0,0,66.000,514.46
1776673,472555,1455398,32294,292,66,0,0,66.000,514.46
1776673,1611266,199219,15859,333,66,0,0,66.000,514.46
1776673,498263,1328321,8299,333,66,0,0,66.000,514.46
1776673,1560178,1524514,6799,292,66,0,0,66.000,514.46
1776673,1341457,879869,5079,291,66,0,0,66.000,514.46
1776673,811279,71212,6389,292,66,0,0,66.000,514.46
1776673,1388735,1647304,45932,292,66,0,0,66.000,514.46
1776673,1652539,1164282,27675,333,66,0,0,66.000,514.46
1777289,1719522,432504,1365,709,66,0,0,66.000,315.17
1777289,58197,538741,33111,292,66,0,0,66.000,315.17
1777289,164393,1200585,2388,708,66,0,0,66.000,315.17
1777289,550465,1724983,2570,292,66,0,0,66.000,315.17
1777289,286919,1534033,18932,292,66,0,0,66.000,315.17
1777289,281000,1440379,2806,333,66,0,0,66.000,315.17
1777289,1572272,1397138,11899,292,66,0,0,66.000,315.17
1777289,34075,681097,7050,292,66,0,0,66.000,315.17
1777289,873900,1240120,23488,292,66,0,0,66.000,315.17
1777289,1301134,1480671,1399,333,66,0,0,66.000,315.17
1777289,456908,646420,7805,333,66,0,0,66.000,315.17
1777289,1283530,1670552,2282,334,66,0,0,66.000,315.17
1777289,415117,1409860,20808,292,66,0,0,66.000,315.17
1777289,1398554,180413,8147,333,66,0,0,66.000,315.17
1777289,1240605,563721,4018,292,66,0,0,66.000,315.17
1777289,45635,277487,5163,292,66,0,0,66.000,315.17
1777289,786403,1523672,6817,333,66,0,0,66.000,315.17
1777289,819420,130816,10639,333,66,0,0,66.000,315.17
1777289,1567217,1548989,21203,334,66,0,0,66.000,315.17
1777289,274777,1049531,7598,708,66,0,0,66.000,315.17
1778003,501711,470269,60728,292,66,0,0,66.000,732.94
1778003,1399436,451244,43749,333,66,0,0,66.000,732.94
1778003,1186967,1043869,14130,292,66,0,0,66.000,732.94
1778003,279753,502035,17506,333,66,0,0,66.000,732.94
1778003,1113298,904977,7824,292,66,0,0,66.000,732.94
1778003,366106,1318636,4214,333,66,0,0,66.000,732.94
1778003,1387821,219612,7619,291,66,0,0,66.000,732.94
1778003,666801,1093117,2804,333,66,0,0,66.000,732.94
1778003,1262195,1453799,10221,334,66,0,0,66.000,732.94
1778003,1170941,194360,78818,333,66,0,0,66.000,732.94
1778003,1608894,1525162,1089,709,66,0,0,66.000,732.94
1778003,1050078,1356267,16312,333,66,0,0,66.000,732.94
1778003,1537075,1132829,36176,292,66,0,0,66.000,732.94
1778003,554399,392803,25419,333,66,0,0,66.000,732.94
1778003,971606,76225,15790,333,66,0,0,66.000,732.94
1778003,535140,1070360,29943,291,66,0,0,66.000,732.94
1778003,268159,1067377,9865,292,66,0,0,66.000,732.94
1778003,1426752,421291,10789,333,66,0,0,66.000,732.94
1778003,1114851,932026,53190,333,66,0,0,66.000,732.94
1778003,800230,697295,17314,291,66,0,0,66.000,732.94
1779017,1360606,336076,15686,291,66,0,0,66.000,583.88
1779017,1499088,1409517,8805,292,66,0,0,66.000,583.88
1779017,872786,920433,31354,292,66,0,0,66.000,583.88
1779017,1654902,614746,18720,708,66,0,0,66.000,583.88
1779017,848065,488342,28995,333,66,0,0,66.000,583.88
1779017,477948,1065373,10240,291,66,0,0,66.000,583.88
1779017,1242943,31853,2600,333,66,0,0,66.000,583.88
1779017,1617487,666489,11998,292,66,0,0,66.000,583.88
1779017,1590540,477672,361,292,66,0,0,66.000,583.88
1779017,1754993,1641698,7040,292,66,0,0,66.000,583.88
1779017,1424331,477151,64040,292,66,0,0,66.000,583.88
1779017,797850,1141648,45917,292,66,0,0,66.000,583.88
1779017,1115664,1431095,4619,333,66,0,0,66.000,583.88
1779017,661817,1126025,26679,334,66,0,0,66.000,583.88
1779017,1427188,685978,52396,709,66,0,0,66.000,583.88
1779017,260127,678374,15562,292,66,0,0,66.000,583.88
1779017,460311,665447,3676,291,66,0,0,66.000,583.88
1779017,1010701,1750372,14484,291,66,0,0,66.000,583.88
1779017,731314,587653,1574,333,66,0,0,66.000,583.88
1779017,467814,247592,4966,292,66,0,0,66.000,583.88
1779161,1167551,1628558,1205,333,66,0,0,66.000,315.09
1779161,445510,1365671,5275,292,66,0,0,66.000,315.09
1779161,47837,428852,12035,333,66,0,0,66.000,315.09
1779161,1679310,989204,3048,709,66,0,0,66.000,315.09
1779161,1165143,214561,3631,333,66,0,0,66.000,315.09
1779161,1757315,525391,10168,292,66,0,0,66.000,315.09
1779161,196260,1680081,10464,292,66,0,0,66.000,315.09
1779161,643920,150139,7412,292,66,0,0,66.000,315.09
1779161,1577528,459955,27345,333,66,0,0,66.000,315.09
1779161,189620,130806,18456,292,66,0,0,66.000,315.09
1779161,1633190,1690351,11298,333,66,0,0,66.000,315.09
1779161,1558672,701945,5172,291,66,0,0,66.000,315.09
1779161,616343,82161,5874,333,66,0,0,66.000,315.09
1779161,224519,488980,11881,292,66,0,0,66.000,315.09
1779161,746666,89368,13555,333,66,0,0,66.000,315.09
1779161,80030,500543,17960,292,66,0,0,66.000,315.09
1779161,595467,66749,2706,333,66,0,0,66.000,315.09
1779161,1312801,1730557,8128,333,66,0,0,66.000,315.09
1779161,345702,1421809,17897,334,66,0,0,66.000,315.09
1779161,693801,1022053,5793,292,66,0,0,66.000,315.09
1780067,1645794,236143,2245,291,66,0,0,66.000,309.30
1780067,38814,188358,35902,333,66,0,0,66.000,309.30
1780067,914667,164486,19550,291,66,0,0,66.000,309.30
1780067,1490102,232724,35315,333,66,0,0,66.000,309.30
1780067,1191394,52514,2705,333,66,0,0,66.000,309.30
1780067,1651222,730829,5021,292,66,0,0,66.000,309.30
1780067,1267655,1636273,2384,333,66,0,0,66.000,309.30
1780067,1372184,418302,225,292,66,0,0,66.000,309.30
1780067,65939,1109738,1117,333,66,0,0,66.000,309.30
1780067,406082,1381129,30878,292,66,0,0,66.000,309.30
1780067,833103,1440584,5736,292,66,0,0,66.000,309.30
1780067,751806,1514000,9035,333,66,0,0,66.000,309.30
1780067,1281257,1087772,15582,292,66,0,0,66.000,309.30
1780067,1593954,1295917,959,333,66,0,0,66.000,309.30
1780067,620033,797068,7396,333,66,0,0,66.000,309.30
1780067,796624,1014512,2104,334,66,0,0,66.000,309.30
1780067,524752,1519883,8857,291,66,0,0,66.000,309.30
1780067,413305,140898,324,292,66,0,0,66.000,309.30
1780067,172798,722332,1709,291,66,0,0,66.000,309.30
1780067,925251,1402321,8575,292,66,0,0,66.000,309.30
1780817,819910,713554,8460,268,66,0,0,66.000,350.91
1780817,1229127,1285048,3099,291,66,0,0,66.000,350.91
1780817,1747216,1413506,2154,292,66,0,0,66.000,350.91
1780817,1251250,1043486,9368,292,66,0,0,66.000,350.91
1780817,922292,381406,29683,333,66,0,0,66.000,350.91
1780817,258741,560725,9605,292,66,0,0,66.000,350.91
1780817,33290,612797,16910,333,66,0,0,66.000,350.91
1780817,794036,115667,44972,333,66,0,0,66.000,350.91
1780817,513985,82871,6957,709,66,0,0,66.000,350.91
1780817,1485741,347530,4851,291,66,0,0,66.000,350.91
1780817,855466,343675,1702,292,66,0,0,66.000,350.91
1780817,1533476,425211,10402,291,66,0,0,66.000,350.91
1780817,1194271,998801,19334,291,66,0,0,66.000,350.91
1780817,975177,1432728,7940,292,66,0,0,66.000,350.91
1780817,1434617,121697,578,291,66,0,0,66.000,350.91
1780817,1563603,1054186,10439,292,66,0,0,66.000,350.91
1780817,466063,505757,6212,708,66,0,0,66.000,350.91
1780817,720761,1133382,1450,750,66,0,0,66.000,350.91
1780817,429304,1736956,11381,291,66,0,0,66.000,350.91
1780817,1229510,272306,16123,292,66,0,0,66.000,350.91
1783069,949115,186222,37931,333,66,0,0,66.000,584.54
1783069,832892,1100636,4994,292,66,0,0,66.000,584.54
1783069,1098811,1662578,19474,292,66,0,0,66.000,584.54
1783069,1233297,436618,8669,292,66,0,0,66.000,584.54
1783069,1630802,450000,26579,292,66,0,0,66.000,584.54
1783069,1749622,993284,1204,291,66,0,0,66.000,584.54
1783069,1052646,1602234,10334,292,66,0,0,66.000,584.54
1783069,446751,533348,23701,750,66,0,0,66.000,584.54
1783069,1405421,374387,3552,334,66,0,0,66.000,584.54
1783069,195787,175118,4734,333,66,0,0,66.000,584.54
1783069,739470,1721895,5301,292,66,0,0,66.000,584.54
1783069,639435,659006,4531,334,66,0,0,66.000,584.54
1783069,1382016,462888,12949,333,66,0,0,66.000,584.54
1783069,1177629,291327,9063,292,66,0,0,66.000,584.54
1783069,935281,876424,51626,291,66,0,0,66.000,584.54
1783069,1440053,1557730,8014,333,66,0,0,66.000,584.54
1783069,116890,324517,21524,292,66,0,0,66.000,584.54
1783069,1237330,890786,17549,333,66,0,0,66.000,584.54
1783069,1334603,1546306,27192,292,66,0,0,66.000,584.54
1783069,1244925,91265,71450,291,66,0,0,66.000,584.54
1785869,1290263,43816,5474,292,66,0,0,66.000,367.01
1785869,1246020,563655,19252,291,66,0,0,66.000,367.01
1785869,177728,732636,9714,375,66,0,0,66.000,367.01
1785869,1641144,612137,3924,292,66,0,0,66.000,367.01
1785869,1525350,766061,22160,333,66,0,0,66.000,367.01
1785869,740524,1509503,215,292,66,0,0,66.000,367.01
1785869,386294,281660,10289,333,66,0,0,66.000,367.01
1785869,1178995,466158,3060,333,66,0,0,66.000,367.01
1785869,1465343,1223832,11313,292,66,0,0,66.000,367.01
1785869,902075,472713,9328,334,66,0,0,66.000,367.01
1785869,1688737,1222904,7488,708,66,0,0,66.000,367.01
1785869,136754,1309812,1667,333,66,0,0,66.000,367.01
1785869,297595,656530,19,334,66,0,0,66.000,367.01
1785869,585778,524676,8466,375,66,0,0,66.000,367.01
1785869,894426,1622484,38956,334,66,0,0,66.000,367.01
1785869,1387257,1551004,47371,334,66,0,0,66.000,367.01
1785869,428568,183465,563,291,66,0,0,66.000,367.01
1785869,25281,1407803,3704,292,66,0,0,66.000,367.01
1785869,535575,893297,12989,333,66,0,0,66.000,367.01
1785869,224853,1048580,16491,292,66,0,0,66.000,367.01
1786333,1443853,998589,5705,334,66,0,0,66.000,434.80
1786333,299256,2516,2677,333,66,0,0,66.000,434.80
1786333,1620716,1175555,38685,291,66,0,0,66.000,434.80
1786333,401549,1633307,18074,292,66,0,0,66.000,434.80
1786333,381266,724927,1540,708,66,0,0,66.000,434.80
1786333,667972,840808,5039,292,66,0,0,66.000,434.80
1786333,484289,799374,4343,291,66,0,0,66.000,434.80
1786333,12907,174894,2159,292,66,0,0,66.000,434.80
1786333,690211,584093,48724,709,66,0,0,66.000,434.80
1786333,907089,507668,10517,291,66,0,0,66.000,434.80
1786333,469714,1060637,13602,333,66,0,0,66.000,434.80
1786333,1674447,1080965,755,333,66,0,0,66.000,434.80
1786333,1754572,1186645,6337,334,66,0,0,66.000,434.80
1786333,123845,650791,4198,291,66,0,0,66.000,434.80
1786333,345969,1743891,6877,292,66,0,0,66.000,434.80
1786333,882769,500417,22408,291,66,0,0,66.000,434.80
1786333,1466920,39429,13940,333,66,0,0,66.000,434.80
1786333,1202172,963358,1478,292,66,0,0,66.000,434.80
1786333,1699212,1254680,30531,291,66,0,0,66.000,434.80
1786333,200122,1581258,37698,292,66,0,0,66.000,434.80
1790539,1167609,1230114,30509,334,66,0,0,66.000,524.11
1790539,1525240,1363302,4739,333,66,0,0,66.000,524.11
1790539,764336,1714274,587,709,66,0,0,66.000,524.11
1790539,1103383,498151,58502,292,66,0,0,66.000,524.11
1790539,648476,956015,13824,292,66,0,0,66.000,524.11
1790539,1114743,1438427,8209,291,66,0,0,66.000,524.11
1790539,547064,1063714,23800,291,66,0,0,66.000,524.11
1790539,137010,412471,4028,334,66,0,0,66.000,524.11
1790539,784347,1482983,3451,292,66,0,0,66.000,524.11
1790539,1474670,992207,4655,334,66,0,0,66.000,524.11
1790539,188763,1003426,46151,333,66,0,0,66.000,524.11
1790539,447618,929291,4320,333,66,0,0,66.000,524.11
1790539,1147904,1445869,7943,291,66,0,0,66.000,524.11
1790539,1564434,619086,12174,292,66,0,0,66.000,524.11
1790539,1623522,1099563,39544,292,66,0,0,66.000,524.11
1790539,1033348,970766,5144,291,66,0,0,66.000,524.11
1790539,1026953,808677,26563,309,66,0,0,66.000,524.11
1790539,897927,1444337,18484,333,66,0,0,66.000,524.11
1790539,563713,1730666,15197,292,66,0,0,66.000,524.11
1790539,40842,374850,3892,334,66,0,0,66.000,524.11
1791277,304633,190760,736,291,66,0,0,66.000,594.78
1791277,1655255,1768524,87894,292,66,0,0,66.000,594.78
1791277,1537256,119980,18367,292,66,0,0,66.000,594.78
1791277,1584593,61517,11729,292,66,0,0,66.000,594.78
1791277,117752,1512858,20592,292,66,0,0,66.000,594.78
1791277,49968,1788525,4063,292,66,0,0,66.000,594.78
1791277,1115285,205110,3126,292,66,0,0,66.000,594.78
1791277,123450,1212519,3273,292,66,0,0,66.000,594.78
1791277,739661,300057,50456,708,66,0,0,66.000,594.78
1791277,1428428,782061,22331,292,66,0,0,66.000,594.78
1791277,728249,591350,2775,334,66,0,0,66.000,594.78
1791277,1714858,1256479,26894,291,66,0,0,66.000,594.78
1791277,1766082,1383351,907,292,66,0,0,66.000,594.78
1791277,283184,1017264,54028,333,66,0,0,66.000,594.78
1791277,62423,1459803,3559,292,66,0,0,66.000,594.78
1791277,406714,1489726,16048,292,66,0,0,66.000,594.78
1791277,82257,1303389,12021,291,66,0,0,66.000,594.78
1791277,267471,313892,13041,292,66,0,0,66.000,594.78
1791277,574439,878717,10723,334,66,0,0,66.000,594.78
1791277,1450256,357409,13859,750,66,0,0,66.000,594.78
1792477,1677858,552093,654,292,66,0,0,66.000,380.85
1792477,1057308,416644,2524,334,66,0,0,66.000,380.85
1792477,785292,1362094,5298,291,66,0,0,66.000,380.85
1792477,277337,1706032,31022,292,66,0,0,66.000,380.85
1792477,206166,1221171,576,333,66,0,0,66.000,380.85
1792477,696538,18594,7064,333,66,0,0,66.000,380.85
1792477,243251,4095,9639,292,66,0,0,66.000,380.85
1792477,982673,573471,1815,291,66,0,0,66.000,380.85
1792477,1252115,1289790,12479,292,66,0,0,66.000,380.85
1792477,965939,16204,9599,334,66,0,0,66.000,380.85
1792477,700072,1385686,18186,750,66,0,0,66.000,380.85
1792477,64841,796623,14926,333,66,0,0,66.000,380.85
1792477,776638,1684146,8723,292,66,0,0,66.000,380.85
1792477,274079,428188,24770,291,66,0,0,66.000,380.85
1792477,1001661,115659,51265,310,66,0,0,66.000,380.85
1792477,1354690,390987,28287,333,66,0,0,66.000,380.85
1792477,364992,1430905,1915,709,66,0,0,66.000,380.85
1792477,825370,154490,7640,292,66,0,0,66.000,380.85
1792477,617523,866778,4122,333,66,0,0,66.000,380.85
1792477,751354,400442,836,292,66,0,0,66.000,380.85
1795141,463318,277699,9590,291,66,0,0,66.000,243.38
1795141,1648522,1379933,747,291,66,0,0,66.000,243.38
1795141,1216393,1062720,7555,291,66,0,0,66.000,243.38
1795141,367597,24994,35633,333,66,0,0,66.000,243.38
1795141,977293,766434,14599,333,66,0,0,66.000,243.38
1795141,1447584,1463919,271,292,66,0,0,66.000,243.38
1795141,789873,1330048,80,292,66,0,0,66.000,243.38
1795141,417431,1335822,12036,334,66,0,0,66.000,243.38
1795141,258412,1625619,6558,750,66,0,0,66.000,243.38
1795141,984945,947378,8518,292,66,0,0,66.000,243.38
1795141,1468110,140678,1190,292,66,0,0,66.000,243.38
1795141,1630220,1227559,5872,291,66,0,0,66.000,243.38
1795141,370748,1308925,8171,334,66,0,0,66.000,243.38
1795141,1655448,638432,244,334,66,0,0,66.000,243.38
1795141,1208745,729100,7290,333,66,0,0,66.000,243.38
1795141,1648522,1666197,9000,292,66,0,0,66.000,243.38
1795141,788104,1384663,4132,750,66,0,0,66.000,243.38
1795141,454133,828664,2362,334,66,0,0,66.000,243.38
1795141,1273840,1359590,7260,333,66,0,0,66.000,243.38
1795141,214819,1741823,12786,750,66,0,0,66.000,243.38
1798963,1570484,348914,38523,292,66,0,0,66.000,339.84
1798963,1634624,175361,6425,334,66,0,0,66.000,339.84
1798963,1362382,45745,1395,292,66,0,0,66.000,339.84
1798963,1728172,1173389,5309,292,66,0,0,66.000,339.84
1798963,1176633,1165996,30642,750,66,0,0,66.000,339.84
1798963,1692215,1173120,154,334,66,0,0,66.000,339.84
1798963,1733935,1755705,9494,333,66,0,0,66.000,339.84
1798963,1536749,1307742,8147,292,66,0,0,66.000,339.84
1798963,168859,109509,14044,334,66,0,0,66.000,339.84
1798963,361109,991943,4738,292,66,0,0,66.000,339.84
1798963,415493,1516310,17183,334,66,0,0,66.000,339.84
1798963,730253,310697,3634,333,66,0,0,66.000,339.84
1798963,1709297,839396,17962,333,66,0,0,66.000,339.84
1798963,127639,1223789,14084,291,66,0,0,66.000,339.84
1798963,337340,1112873,4515,292,66,0,0,66.000,339.84
1798963,1003752,327253,3203,292,66,0,0,66.000,339.84
1798963,842795,719443,8306,333,66,0,0,66.000,339.84
1798963,1369313,309007,1026,291,66,0,0,66.000,339.84
1798963,1106042,1297691,1152,291,66,0,0,66.000,339.84
1798963,294673,852307,25180,767,66,0,0,66.000,339.84
1799731,1695932,625246,821,291,66,0,0,66.000,196.25
1799731,130254,1179206,15172,333,66,0,0,66.000,196.25
1799731,1799455,1138052,11820,334,66,0,0,66.000,196.25
1799731,1310060,956829,930,291,66,0,0,66.000,196.25
1799731,1096180,1006283,181,334,66,0,0,66.000,196.25
1799731,224653,1211668,9554,334,66,0,0,66.000,196.25
1799731,1401340,512260,10360,334,66,0,0,66.000,196.25
1799731,1425042,466559,9169,291,66,0,0,66.000,196.25
1799731,1072628,1592457,8835,291,66,0,0,66.000,196.25
1799731,1556933,1296290,9339,292,66,0,0,66.000,196.25
1799731,1005521,1256615,3519,333,66,0,0,66.000,196.25
1799731,827569,124003,649,708,66,0,0,66.000,196.25
1799731,1018864,1262364,133,292,66,0,0,66.000,196.25
1799731,1473494,1213240,10743,292,66,0,0,66.000,196.25
1799731,846142,442829,1831,291,66,0,0,66.000,196.25
1799731,1326954,994418,2165,292,66,0,0,66.000,196.25
1799731,796100,1504948,4792,333,66,0,0,66.000,196.25
1799731,539268,969651,11334,292,66,0,0,66.000,196.25
1799731,368785,1252811,2203,333,66,0,0,66.000,196.25
1799731,591194,44853,10718,292,66,0,0,66.000,196.25
1802189,941027,84342,28618,333,66,0,0,66.000,449.97
1802189,564155,1703793,37002,292,66,0,0,66.000,449.97
1802189,533247,789990,9184,333,66,0,0,66.000,449.97
1802189,237049,1415876,10905,292,66,0,0,66.000,449.97
1802189,1479459,518155,4883,292,66,0,0,66.000,449.97
1802189,267197,714937,1420,333,66,0,0,66.000,449.97
1802189,756669,1581533,4306,333,66,0,0,66.000,449.97
1802189,65794,1743578,56263,334,66,0,0,66.000,449.97
1802189,964234,1609665,3312,334,66,0,0,66.000,449.97
1802189,1712918,18703,45840,333,66,0,0,66.000,449.97
1802189,1526682,216987,1313,333,66,0,0,66.000,449.97
1802189,259346,280995,2328,292,66,0,0,66.000,449.97
1802189,1531176,859734,4895,291,66,0,0,66.000,449.97
1802189,1520366,1600367,11217,291,66,0,0,66.000,449.97
1802189,1273092,1376827,5225,292,66,0,0,66.000,449.97
1802189,4379,640214,12827,292,66,0,0,66.000,449.97
1802189,86564,1350121,1310,333,66,0,0,66.000,449.97
1802189,1661060,196263,41937,291,66,0,0,66.000,449.97
1802189,1095236,1127022,1690,333,66,0,0,66.000,449.97
1802189,1752544,1104555,273,291,66,0,0,66.000,449.97
1802393,676958,88943,1587,334,66,0,0,66.000,165.19
1802393,1134524,1759749,3311,292,66,0,0,66.000,165.19
1802393,1009201,781453,1287,334,66,0,0,66.000,165.19
1802393,376684,243076,2363,292,66,0,0,66.000,165.19
1802393,1644928,191238,666,334,66,0,0,66.000,165.19
1802393,142386,659193,1438,333,66,0,0,66.000,165.19
1802393,1570336,1689188,7453,292,66,0,0,66.000,165.19
1802393,1050198,631371,10930,291,66,0,0,66.000,165.19
1802393,667869,879015,3049,292,66,0,0,66.000,165.19
1802393,200206,589308,7476,292,66,0,0,66.000,165.19
1802393,1594209,1574289,18609,292,66,0,0,66.000,165.19
1802393,401519,776783,1145,333,66,0,0,66.000,165.19
1802393,1235155,1659648,5215,333,66,0,0,66.000,165.19
1802393,1730937,460773,706,292,66,0,0,66.000,165.19
1802393,355765,1286010,13973,333,66,0,0,66.000,165.19
1802393,797145,1639592,4664,292,66,0,0,66.000,165.19
1802393,1037075,1790604,2500,333,66,0,0,66.000,165.19
1802393,1478866,781071,11200,292,66,0,0,66.000,165.19
1802393,723326,1455952,4887,291,66,0,0,66.000,165.19
1802393,301013,962379,2275,292,66,0,0,66.000,165.19
1806263,489585,524753,994,292,66,0,0,66.000,146.08
1806263,1211702,1319743,8797,334,66,0,0,66.000,146.08
1806263,125604,972931,6681,333,66,0,0,66.000,146.08
1806263,1346165,308284,1549,333,66,0,0,66.000,146.08
1806263,1671086,1011848,3562,333,66,0,0,66.000,146.08
1806263,889187,594462,14799,292,66,0,0,66.000,146.08
1806263,187365,940404,5332,292,66,0,0,66.000,146.08
1806263,1411473,1080308,6908,708,66,0,0,66.000,146.08
1806263,1693141,1155730,2605,292,66,0,0,66.000,146.08
1806263,771847,294125,5487,292,66,0,0,66.000,146.08
1806263,1465030,1325740,1791,750,66,0,0,66.000,146.08
1806263,760351,1536348,4288,334,66,0,0,66.000,146.08
1806263,528101,766115,11118,292,66,0,0,66.000,146.08
1806263,1804397,45724,6655,334,66,0,0,66.000,146.08
1806263,340203,367423,2424,333,66,0,0,66.000,146.08
1806263,220021,388993,1535,292,66,0,0,66.000,146.08
1806263,1299268,73884,1264,292,66,0,0,66.000,146.08
1806263,771847,654559,658,292,66,0,0,66.000,146.08
1806263,1209011,1564210,404,292,66,0,0,66.000,146.08
1806263,62966,1220783,5311,292,66,0,0,66.000,146.08
1808243,302340,263490,357,334,66,0,0,66.000,208.30
1808243,924955,271196,17816,292,66,0,0,66.000,208.30
1808243,1714867,87654,7659,291,66,0,0,66.000,208.30
1808243,1227631,754665,4284,268,66,0,0,66.000,208.30
1808243,1140156,477226,7891,292,66,0,0,66.000,208.30
1808243,781194,269937,1194,750,66,0,0,66.000,208.30
1808243,811682,1418775,8011,333,66,0,0,66.000,208.30
1808243,1074672,620339,12500,291,66,0,0,66.000,208.30
1808243,1107027,699167,3446,291,66,0,0,66.000,208.30
1808243,1138652,880974,4482,333,66,0,0,66.000,208.30
1808243,1124204,362973,3184,334,66,0,0,66.000,208.30
1808243,454599,1609317,144,333,66,0,0,66.000,208.30
1808243,691228,834776,816,292,66,0,0,66.000,208.30
1808243,585763,579324,10084,292,66,0,0,66.000,208.30
1808243,602749,851421,8290,333,66,0,0,66.000,208.30
1808243,403207,323463,7276,750,66,0,0,66.000,208.30
1808243,1473565,1514474,6677,291,66,0,0,66.000,208.30
1808243,29981,1079830,3047,292,66,0,0,66.000,208.30
1808243,242583,620564,22517,292,66,0,0,66.000,208.30
1808243,1651720,1117334,2265,334,66,0,0,66.000,208.30
1809167,29845,832488,10748,291,66,0,0,66.000,529.02
1809167,487788,1804069,5184,292,66,0,0,66.000,529.02
1809167,1121701,187380,1371,291,66,0,0,66.000,529.02
1809167,959865,724068,6849,334,66,0,0,66.000,529.02
1809167,601359,1385825,45674,292,66,0,0,66.000,529.02
1809167,1640372,221507,1576,292,66,0,0,66.000,529.02
1809167,645356,875103,4904,292,66,0,0,66.000,529.02
1809167,796148,383344,11881,333,66,0,0,66.000,529.02
1809167,351242,1684601,44889,291,66,0,0,66.000,529.02
1809167,1098969,715457,3949,292,66,0,0,66.000,529.02
1809167,406242,1007596,4219,292,66,0,0,66.000,529.02
1809167,1770726,689425,18083,292,66,0,0,66.000,529.02
1809167,725382,968369,18419,292,66,0,0,66.000,529.02
1809167,507386,1320304,36782,291,66,0,0,66.000,529.02
1809167,13881,1758596,7640,292,66,0,0,66.000,529.02
1809167,1454624,1404105,6472,333,66,0,0,66.000,529.02
1809167,249945,1649091,40244,333,66,0,0,66.000,529.02
1809167,789667,1592575,42366,333,66,0,0,66.000,529.02
1809167,241270,1580495,20369,750,66,0,0,66.000,529.02
1809167,841060,1310910,3315,334,66,0,0,66.000,529.02
1810607,864675,950366,42023,291,66,0,0,66.000,327.66
1810607,82155,209568,7286,334,66,0,0,66.000,327.66
1810607,486423,706846,11616,334,66,0,0,66.000,327.66
1810607,283891,1051186,3043,334,66,0,0,66.000,327.66
1810607,1077742,991041,1194,292,66,0,0,66.000,327.66
1810607,1020991,417158,7689,292,66,0,0,66.000,327.66
1810607,1230351,1313161,18646,292,66,0,0,66.000,327.66
1810607,179199,241993,19085,333,66,0,0,66.000,327.66
1810607,1276174,1126934,9399,292,66,0,0,66.000,327.66
1810607,613473,761001,1334,333,66,0,0,66.000,327.66
1810607,459605,696808,1234,750,66,0,0,66.000,327.66
1810607,91836,381506,21139,333,66,0,0,66.000,327.66
1810607,1359510,152912,2433,291,66,0,0,66.000,327.66
1810607,1668522,456107,780,292,66,0,0,66.000,327.66
1810607,1628532,924632,9260,292,66,0,0,66.000,327.66
1810607,544545,1463310,5709,292,66,0,0,66.000,327.66
1810607,139029,543770,9800,291,66,0,0,66.000,327.66
1810607,1015705,435936,13203,292,66,0,0,66.000,327.66
1810607,348304,447582,14475,291,66,0,0,66.000,327.66
1810607,43007,1718985,7984,333,66,0,0,66.000,327.66
1811413,1131639,166798,4606,333,66,0,0,66.000,359.25
1811413,808321,171050,11025,333,66,0,0,66.000,359.25
1811413,1359088,948526,12161,291,66,0,0,66.000,359.25
1811413,328368,782588,6849,292,66,0,0,66.000,359.25
1811413,963395,499334,31750,292,66,0,0,66.000,359.25
1811413,53672,276342,1857,292,66,0,0,66.000,359.25
1811413,102042,247809,25201,334,66,0,0,66.000,359.25
1811413,1286738,1173472,879,292,66,0,0,66.000,359.25
1811413,1608193,200057,8970,291,66,0,0,66.000,359.25
1811413,610089,666406,10365,792,66,0,0,66.000,359.25
1811413,905183,1238296,1847,750,66,0,0,66.000,359.25
1811413,1596508,1309123,2183,292,66,0,0,66.000,359.25
1811413,763730,1685819,5064,292,66,0,0,66.000,359.25
1811413,958288,1019123,12918,333,66,0,0,66.000,359.25
1811413,402668,1585409,4370,291,66,0,0,66.000,359.25
1811413,354769,1352590,13857,333,66,0,0,66.000,359.25
1811413,1668634,883762,33621,709,66,0,0,66.000,359.25
1811413,1793256,433899,438,292,66,0,0,66.000,359.25
1811413,1010397,838301,14677,291,66,0,0,66.000,359.25
1811413,1102907,1722439,24860,309,66,0,0,66.000,359.25
1813991,1058132,1012095,42360,333,66,0,0,66.000,1274.78
1813991,1280471,880936,56677,291,66,0,0,66.000,1274.78
1813991,583541,376625,2628,292,66,0,0,66.000,1274.78
1813991,1725451,1348511,41420,333,66,0,0,66.000,1274.78
1813991,8752,1256694,680,333,66,0,0,66.000,1274.78
1813991,1391416,43963,7367,333,66,0,0,66.000,1274.78
1813991,1215132,1505757,58026,292,66,0,0,66.000,1274.78
1813991,444763,418050,18135,333,66,0,0,66.000,1274.78
1813991,22207,879106,5042,333,66,0,0,66.000,1274.78
1813991,904552,1350807,124003,291,66,0,0,66.000,1274.78
1813991,722566,969154,35757,292,66,0,0,66.000,1274.78
1813991,1658496,873449,16382,292,66,0,0,66.000,1274.78
1813991,1534667,1129999,24585,291,66,0,0,66.000,1274.78
1813991,1416304,181013,94464,292,66,0,0,66.000,1274.78
1813991,416419,450356,35606,292,66,0,0,66.000,1274.78
1813991,1683116,102669,33269,709,66,0,0,66.000,1274.78
1813991,749811,1370403,64336,292,66,0,0,66.000,1274.78
1813991,81524,72781,1779,333,66,0,0,66.000,1274.78
1813991,876468,230450,132708,334,66,0,0,66.000,1274.78
1813991,1290123,530004,12621,750,66,0,0,66.000,1274.78
1817611,1673651,305197,6597,291,66,0,0,66.000,366.43
1817611,977106,1202513,4318,333,66,0,0,66.000,366.43
1817611,691708,870114,531,292,66,0,0,66.000,366.43
1817611,1174219,1047055,23044,333,66,0,0,66.000,366.43
1817611,645392,1340212,11408,333,66,0,0,66.000,366.43
1817611,976115,243147,23032,333,66,0,0,66.000,366.43
1817611,1771840,363403,3050,709,66,0,0,66.000,366.43
1817611,377878,424844,9116,334,66,0,0,66.000,366.43
1817611,747000,752601,4546,291,66,0,0,66.000,366.43
1817611,1701898,1005798,7224,834,66,0,0,66.000,366.43
1817611,924548,163515,12741,333,66,0,0,66.000,366.43
1817611,1783365,1611097,25938,292,66,0,0,66.000,366.43
1817611,1024629,1787888,42404,308,66,0,0,66.000,366.43
1817611,1153179,870174,4401,334,66,0,0,66.000,366.43
1817611,970469,1151339,2257,292,66,0,0,66.000,366.43
1817611,1002372,277999,27127,333,66,0,0,66.000,366.43
1817611,91761,16218,1527,292,66,0,0,66.000,366.43
1817611,1171721,544050,10593,291,66,0,0,66.000,366.43
1817611,1086180,827660,1991,333,66,0,0,66.000,366.43
1817611,476479,1062218,9535,292,66,0,0,66.000,366.43
1818533,207428,24919,721,333,66,0,0,66.000,255.21
1818533,944659,628032,8339,292,66,0,0,66.000,255.21
1818533,1292667,1226162,16710,310,66,0,0,66.000,255.21
1818533,1421928,1471925,2527,333,66,0,0,66.000,255.21
1818533,231353,548114,353,334,66,0,0,66.000,255.21
1818533,1383033,1714548,12343,334,66,0,0,66.000,255.21
1818533,615963,782234,4874,334,66,0,0,66.000,255.21
1818533,776308,990296,17313,333,66,0,0,66.000,255.21
1818533,273579,1094190,20266,334,66,0,0,66.000,255.21
1818533,1313496,1143458,8377,291,66,0,0,66.000,255.21
1818533,1718873,1176134,8337,334,66,0,0,66.000,255.21
1818533,969831,1048009,6176,291,66,0,0,66.000,255.21
1818533,69921,1330954,2044,291,66,0,0,66.000,255.21
1818533,1259152,310144,2212,750,66,0,0,66.000,255.21
1818533,556381,979535,7447,333,66,0,0,66.000,255.21
1818533,200293,1391788,6185,291,66,0,0,66.000,255.21
1818533,1056888,987847,1841,333,66,0,0,66.000,255.21
1818533,683941,1427225,16524,291,66,0,0,66.000,255.21
1818533,58253,247755,14493,292,66,0,0,66.000,255.21
1818533,1340822,295534,4476,334,66,0,0,66.000,255.21
1820557,82359,777194,27831,333,66,0,0,66.000,218.57
1820557,771076,1251180,8561,750,66,0,0,66.000,218.57
1820557,112667,1239532,7677,750,66,0,0,66.000,218.57
1820557,1620131,757069,2696,292,66,0,0,66.000,218.57
1820557,400384,1195703,7086,333,66,0,0,66.000,218.57
1820557,1708201,1136314,4471,291,66,0,0,66.000,218.57
1820557,1021050,1810032,12261,333,66,0,0,66.000,218.57
1820557,99833,297752,10652,333,66,0,0,66.000,218.57
1820557,795267,521492,4392,708,66,0,0,66.000,218.57
1820557,874582,1189821,13960,292,66,0,0,66.000,218.57
1820557,1687902,1804983,4070,292,66,0,0,66.000,218.57
1820557,1481737,934793,1646,291,66,0,0,66.000,218.57
1820557,1298788,949995,409,292,66,0,0,66.000,218.57
1820557,1789489,618748,1319,708,66,0,0,66.000,218.57
1820557,1602067,520270,9815,291,66,0,0,66.000,218.57
1820557,909190,1223280,4695,291,66,0,0,66.000,218.57
1820557,645704,1774782,1770,291,66,0,0,66.000,218.57
1820557,611713,32421,7031,292,66,0,0,66.000,218.57
1820557,1454061,904690,4427,333,66,0,0,66.000,218.57
1820557,556391,712940,3495,291,66,0,0,66.000,218.57
1822181,803141,505005,5906,292,66,0,0,66.000,917.63
1822181,230504,1053930,22954,333,66,0,0,66.000,917.63
1822181,842095,1736573,8786,291,66,0,0,66.000,917.63
1822181,1108585,1054824,18329,267,66,0,0,66.000,917.63
1822181,318013,692372,8524,333,66,0,0,66.000,917.63
1822181,175126,675908,2364,333,66,0,0,66.000,917.63
1822181,976740,1013518,24904,334,66,0,0,66.000,917.63
1822181,1248985,1746206,55146,333,66,0,0,66.000,917.63
1822181,995313,1529186,38463,292,66,0,0,66.000,917.63
1822181,195843,154617,5283,334,66,0,0,66.000,917.63
1822181,1477042,733465,2043,333,66,0,0,66.000,917.63
1822181,850574,1215393,18261,375,66,0,0,66.000,917.63
1822181,1689958,591977,52669,292,66,0,0,66.000,917.63
1822181,1231850,1247916,13187,334,66,0,0,66.000,917.63
1822181,342716,726544,19080,333,66,0,0,66.000,917.63
1822181,441361,1505548,131002,291,66,0,0,66.000,917.63
1822181,1812227,896241,41898,333,66,0,0,66.000,917.63
1822181,1451141,90413,24170,292,66,0,0,66.000,917.63
1822181,1758639,1142677,75,334,66,0,0,66.000,917.63
1822181,544449,796814,89367,292,66,0,0,66.000,917.63
1822391,1626046,1542964,20680,291,66,0,0,66.000,466.09
1822391,1018532,411764,33450,334,66,0,0,66.000,466.09
1822391,111957,270863,5113,292,66,0,0,66.000,466.09
1822391,753361,1122068,13548,708,66,0,0,66.000,466.09
1822391,1005173,50850,6586,708,66,0,0,66.000,466.09
1822391,581171,240416,13248,291,66,0,0,66.000,466.09
1822391,1547860,1014786,35851,333,66,0,0,66.000,466.09
1822391,1792968,1730083,892,708,66,0,0,66.000,466.09
1822391,439137,1220094,36591,750,66,0,0,66.000,466.09
1822391,824403,1371607,23312,291,66,0,0,66.000,466.09
1822391,70927,1798177,13317,333,66,0,0,66.000,466.09
1822391,234080,1792445,2426,333,66,0,0,66.000,466.09
1822391,201038,980235,4274,333,66,0,0,66.000,466.09
1822391,978293,166054,18277,334,66,0,0,66.000,466.09
1822391,254872,1148710,13,292,66,0,0,66.000,466.09
1822391,479269,619510,1934,292,66,0,0,66.000,466.09
1822391,1476838,1198936,24746,292,66,0,0,66.000,466.09
1822391,61613,1339783,10518,334,66,0,0,66.000,466.09
1822391,941790,1535970,26388,292,66,0,0,66.000,466.09
1822391,1601115,764827,3442,333,66,0,0,66.000,466.09
1823579,1002261,256988,6290,333,66,0,0,66.000,388.75
1823579,545057,1013222,2518,726,66,0,0,66.000,388.75
1823579,425074,1412042,494,333,66,0,0,66.000,388.75
1823579,1794217,917293,12558,291,66,0,0,66.000,388.75
1823579,644890,214808,7292,291,66,0,0,66.000,388.75
1823579,1545663,840348,40607,333,66,0,0,66.000,388.75
1823579,1609879,473194,5427,291,66,0,0,66.000,388.75
1823579,1446267,134147,3525,291,66,0,0,66.000,388.75
1823579,1613902,1649977,12289,333,66,0,0,66.000,388.75
1823579,603434,937934,13344,334,66,0,0,66.000,388.75
1823579,1157983,1702805,41157,291,66,0,0,66.000,388.75
1823579,1480216,1053970,11284,292,66,0,0,66.000,388.75
1823579,643943,1437046,1794,333,66,0,0,66.000,388.75
1823579,63053,1683301,1303,292,66,0,0,66.000,388.75
1823579,892935,1683248,10814,333,66,0,0,66.000,388.75
1823579,75533,1575733,4948,292,66,0,0,66.000,388.75
1823579,14467,544701,3796,333,66,0,0,66.000,388.75
1823579,1222293,950114,11977,333,66,0,0,66.000,388.75
1823579,919818,603513,34734,292,66,0,0,66.000,388.75
1823579,38748,1581647,20118,333,66,0,0,66.000,388.75
1824269,51745,976652,3771,334,66,0,0,66.000,388.54
1824269,315410,440064,9851,334,66,0,0,66.000,388.54
1824269,421654,57652,16050,333,66,0,0,66.000,388.54
1824269,427788,1403583,12651,291,66,0,0,66.000,388.54
1824269,1267093,1380332,14520,291,66,0,0,66.000,388.54
1824269,939215,923465,10389,292,66,0,0,66.000,388.54
1824269,802556,754849,5773,292,66,0,0,66.000,388.54
1824269,905128,1452914,628,292,66,0,0,66.000,388.54
1824269,315738,126583,4268,292,66,0,0,66.000,388.54
1824269,1740878,1379401,2688,292,66,0,0,66.000,388.54
1824269,114504,1665377,12174,334,66,0,0,66.000,388.54
1824269,512602,1260861,26612,333,66,0,0,66.000,388.54
1824269,1130621,331632,22014,291,66,0,0,66.000,388.54
1824269,1318118,1687077,21470,292,66,0,0,66.000,388.54
1824269,1022096,657284,1889,291,66,0,0,66.000,388.54
1824269,143886,49180,12948,334,66,0,0,66.000,388.54
1824269,584114,1413722,5668,292,66,0,0,66.000,388.54
1824269,125856,629001,29346,291,66,0,0,66.000,388.54
1824269,864153,1269499,19105,750,66,0,0,66.000,388.54
1824269,1397093,1669864,14317,334,66,0,0,66.000,388.54
1824281,660701,1197354,4056,333,66,0,0,66.000,853.50
1824281,85907,1751891,18112,334,66,0,0,66.000,853.50
1824281,1045779,1540232,46249,708,66,0,0,66.000,853.50
1824281,1483817,1217046,619,334,66,0,0,66.000,853.50
1824281,1761470,696606,8793,292,66,0,0,66.000,853.50
1824281,326677,395463,12869,291,66,0,0,66.000,853.50
1824281,686972,1509785,28260,333,66,0,0,66.000,853.50
1824281,588021,1017912,3370,334,66,0,0,66.000,853.50
1824281,977052,1759125,6361,292,66,0,0,66.000,853.50
1824281,873198,810205,35366,334,66,0,0,66.000,853.50
1824281,1186399,1693413,125029,334,66,0,0,66.000,853.50
1824281,277886,218524,22233,334,66,0,0,66.000,853.50
1824281,1094055,575421,85967,292,66,0,0,66.000,853.50
1824281,801718,1603530,22694,292,66,0,0,66.000,853.50
1824281,704088,851084,64896,333,66,0,0,66.000,853.50
1824281,1674821,1592502,1395,333,66,0,0,66.000,853.50
1824281,172993,988171,9162,292,66,0,0,66.000,853.50
1824281,1526469,463791,37335,292,66,0,0,66.000,853.50
1824281,105400,1205432,5098,291,66,0,0,66.000,853.50
1824281,1116376,311520,3229,334,66,0,0,66.000,853.50
1824523,20086,890617,2450,292,66,0,0,66.000,240.89
1824523,1355549,123741,22027,333,66,0,0,66.000,240.89
1824523,1080929,334402,1637,333,66,0,0,66.000,240.89
1824523,1262036,1798312,6014,292,66,0,0,66.000,240.89
1824523,518693,672828,2775,333,66,0,0,66.000,240.89
1824523,480545,116247,8670,292,66,0,0,66.000,240.89
1824523,954643,1000574,8532,292,66,0,0,66.000,240.89
1824523,1620450,13093,3724,333,66,0,0,66.000,240.89
1824523,695160,11828,3426,708,66,0,0,66.000,240.89
1824523,513277,1179741,7252,292,66,0,0,66.000,240.89
1824523,1096689,776117,6304,292,66,0,0,66.000,240.89
1824523,815569,1316944,9219,291,66,0,0,66.000,240.89
1824523,1116811,1715451,7485,292,66,0,0,66.000,240.89
1824523,829523,917479,5537,292,66,0,0,66.000,240.89
1824523,1392087,659189,4935,291,66,0,0,66.000,240.89
1824523,1081701,322675,671,292,66,0,0,66.000,240.89
1824523,944592,169294,2693,292,66,0,0,66.000,240.89
1824523,691988,456486,12644,292,66,0,0,66.000,240.89
1824523,361366,1217779,26661,291,66,0,0,66.000,240.89
1824523,1149469,1211012,9874,708,66,0,0,66.000,240.89
1825679,1229291,1464556,9504,292,66,0,0,66.000,533.80
1825679,797814,96266,10494,292,66,0,0,66.000,533.80
1825679,819401,553866,4505,334,66,0,0,66.000,533.80
1825679,1622180,1380903,2265,708,66,0,0,66.000,533.80
1825679,1254144,1665095,14144,292,66,0,0,66.000,533.80
1825679,337478,56586,11889,333,66,0,0,66.000,533.80
1825679,332788,370650,50645,291,66,0,0,66.000,533.80
1825679,1788483,838783,8645,333,66,0,0,66.000,533.80
1825679,390138,512222,21602,333,66,0,0,66.000,533.80
1825679,766697,1799225,1939,291,66,0,0,66.000,533.80
1825679,1441997,390480,16968,292,66,0,0,66.000,533.80
1825679,38801,131815,17749,292,66,0,0,66.000,533.80
1825679,1672712,646192,7028,292,66,0,0,66.000,533.80
1825679,1604781,122279,2664,334,66,0,0,66.000,533.80
1825679,1245292,1491874,10285,333,66,0,0,66.000,533.80
1825679,554115,476842,29062,333,66,0,0,66.000,533.80
1825679,1701839,571168,45712,333,66,0,0,66.000,533.80
1825679,1307186,1310473,22151,291,66,0,0,66.000,533.80
1825679,191234,832808,27181,291,66,0,0,66.000,533.80
1825679,115273,1055564,23508,333,66,0,0,66.000,533.80
1827863,61210,1675158,12335,292,66,0,0,66.000,600.25
1827863,444830,978013,24729,292,66,0,0,66.000,600.25
1827863,1095636,879439,9345,292,66,0,0,66.000,600.25
1827863,627475,1238995,8020,333,66,0,0,66.000,600.25
1827863,1223109,163251,11400,292,66,0,0,66.000,600.25
1827863,1344786,725123,2501,292,66,0,0,66.000,600.25
1827863,651161,1618505,1100,292,66,0,0,66.000,600.25
1827863,558441,1675794,20454,334,66,0,0,66.000,600.25
1827863,1226128,1561092,43135,291,66,0,0,66.000,600.25
1827863,830733,701518,7366,291,66,0,0,66.000,600.25
1827863,1240977,1200976,21328,708,66,0,0,66.000,600.25
1827863,323167,1438687,4768,334,66,0,0,66.000,600.25
1827863,1383934,1485570,72746,708,66,0,0,66.000,600.25
1827863,508653,151532,12467,750,66,0,0,66.000,600.25
1827863,1507223,655489,1625,291,66,0,0,66.000,600.25
1827863,1458113,100578,1458,333,66,0,0,66.000,600.25
1827863,146097,1108203,22252,334,66,0,0,66.000,600.25
1827863,972001,93495,37486,334,66,0,0,66.000,600.25
1827863,1092940,609832,52494,333,66,0,0,66.000,600.25
1827863,1041028,1493271,13439,333,66,0,0,66.000,600.25
1828789,1366353,515152,10254,292,66,0,0,66.000,330.52
1828789,1037285,1600060,30270,292,66,0,0,66.000,330.52
1828789,942145,437398,6556,291,66,0,0,66.000,330.52
1828789,31389,392283,10749,292,66,0,0,66.000,330.52
1828789,911549,93471,9403,291,66,0,0,66.000,330.52
1828789,737429,244313,24281,292,66,0,0,66.000,330.52
1828789,1178473,154204,8466,292,66,0,0,66.000,330.52
1828789,453259,816669,1489,333,66,0,0,66.000,330.52
1828789,1576763,767640,23891,292,66,0,0,66.000,330.52
1828789,1758924,834924,23156,292,66,0,0,66.000,330.52
1828789,1193209,1426224,15824,750,66,0,0,66.000,330.52
1828789,1209676,381720,4859,292,66,0,0,66.000,330.52
1828789,1710544,306893,2141,333,66,0,0,66.000,330.52
1828789,1235032,667342,11308,333,66,0,0,66.000,330.52
1828789,1382206,234185,1741,292,66,0,0,66.000,330.52
1828789,504657,1468077,5903,333,66,0,0,66.000,330.52
1828789,1182306,1296774,4141,292,66,0,0,66.000,330.52
1828789,686154,1084538,9462,750,66,0,0,66.000,330.52
1828789,1739249,404518,2511,334,66,0,0,66.000,330.52
1828789,578220,366764,2827,292,66,0,0,66.000,330.52
1829203,1354522,1248568,1876,333,66,0,0,66.000,357.80
1829203,1385562,172782,25006,334,66,0,0,66.000,357.80
1829203,1022092,1517259,1699,291,66,0,0,66.000,357.80
1829203,8526,77200,4732,292,66,0,0,66.000,357.80
1829203,593574,1215934,10228,291,66,0,0,66.000,357.80
1829203,1396626,1490885,10347,292,66,0,0,66.000,357.80
1829203,1167063,1792978,23890,333,66,0,0,66.000,357.80
1829203,1409194,1476187,14264,333,66,0,0,66.000,357.80
1829203,105498,1704512,19866,291,66,0,0,66.000,357.80
1829203,1271929,1331182,19436,334,66,0,0,66.000,357.80
1829203,151677,964635,2383,292,66,0,0,66.000,357.80
1829203,1649959,518239,3415,333,66,0,0,66.000,357.80
1829203,1565855,718978,9998,292,66,0,0,66.000,357.80
1829203,1394363,1022667,6434,292,66,0,0,66.000,357.80
1829203,996453,49757,131,291,66,0,0,66.000,357.80
1829203,1793778,307761,2134,292,66,0,0,66.000,357.80
1829203,1753492,1101634,5396,709,66,0,0,66.000,357.80
1829203,1102968,963388,8351,333,66,0,0,66.000,357.80
1829203,642583,1080739,38253,333,66,0,0,66.000,357.80
1829203,1750170,1821825,18837,333,66,0,0,66.000,357.80
1830637,923861,1468083,17370,833,66,0,0,66.000,1020.29
1830637,1816923,1192105,11807,291,66,0,0,66.000,1020.29
1830637,202703,1141856,132963,292,66,0,0,66.000,1020.29
1830637,312246,384556,103614,292,66,0,0,66.000,1020.29
1830637,1818899,304727,9912,333,66,0,0,66.000,1020.29
1830637,1280962,1745373,40629,334,66,0,0,66.000,1020.29
1830637,1001223,1389888,53955,292,66,0,0,66.000,1020.29
1830637,24823,1100398,48126,292,66,0,0,66.000,1020.29
1830637,1741730,334078,20055,334,66,0,0,66.000,1020.29
1830637,1038252,1116878,33966,333,66,0,0,66.000,1020.29
1830637,233437,1051196,393,292,66,0,0,66.000,1020.29
1830637,1404112,916847,7075,334,66,0,0,66.000,1020.29
1830637,1594415,364664,3793,291,66,0,0,66.000,1020.29
1830637,101384,106746,35022,333,66,0,0,66.000,1020.29
1830637,1826042,1556057,51888,334,66,0,0,66.000,1020.29
1830637,1633805,580697,3739,292,66,0,0,66.000,1020.29
1830637,1816923,1541526,32075,291,66,0,0,66.000,1020.29
1830637,877603,259915,988,292,66,0,0,66.000,1020.29
1830637,909166,168104,35558,292,66,0,0,66.000,1020.29
1830637,382350,834175,3319,708,66,0,0,66.000,1020.29
1831211,1307345,1472595,2236,292,66,0,0,66.000,281.35
1831211,870110,809282,1465,292,66,0,0,66.000,281.35
1831211,1564794,288273,3455,292,66,0,0,66.000,281.35
1831211,1595998,1324315,61,291,66,0,0,66.000,281.35
1831211,648936,1120943,9230,333,66,0,0,66.000,281.35
1831211,1119362,863814,35501,292,66,0,0,66.000,281.35
1831211,855612,727285,15129,292,66,0,0,66.000,281.35
1831211,1231614,516709,1821,292,66,0,0,66.000,281.35
1831211,1178133,1587530,6517,292,66,0,0,66.000,281.35
1831211,1398762,605846,4783,292,66,0,0,66.000,281.35
1831211,993397,798602,611,292,66,0,0,66.000,281.35
1831211,520457,780136,38882,333,66,0,0,66.000,281.35
1831211,166293,1686468,2175,333,66,0,0,66.000,281.35
1831211,1057506,221900,12677,333,66,0,0,66.000,281.35
1831211,233603,782398,890,333,66,0,0,66.000,281.35
1831211,1147431,136956,13088,292,66,0,0,66.000,281.35
1831211,624473,500182,11994,292,66,0,0,66.000,281.35
1831211,1645697,1658162,1685,292,66,0,0,66.000,281.35
1831211,390417,586220,12340,333,66,0,0,66.000,281.35
1831211,388630,691027,3691,292,66,0,0,66.000,281.35
1837399,642445,1482627,4936,750,66,0,0,66.000,404.94
1837399,1794763,1301128,26979,333,66,0,0,66.000,404.94
1837399,1180638,1477242,15511,334,66,0,0,66.000,404.94
1837399,1750323,224798,1770,875,66,0,0,66.000,404.94
1837399,1532812,996954,4971,291,66,0,0,66.000,404.94
1837399,577915,1683693,2364,709,66,0,0,66.000,404.94
1837399,1764266,1660031,8918,750,66,0,0,66.000,404.94
1837399,437527,886166,27217,333,66,0,0,66.000,404.94
1837399,1558687,1639776,6063,292,66,0,0,66.000,404.94
1837399,698819,1074824,4505,333,66,0,0,66.000,404.94
1837399,624017,1463093,9851,333,66,0,0,66.000,404.94
1837399,108082,873528,13475,334,66,0,0,66.000,404.94
1837399,1759427,46632,16108,334,66,0,0,66.000,404.94
1837399,973014,460604,5780,292,66,0,0,66.000,404.94
1837399,183721,847323,319,333,66,0,0,66.000,404.94
1837399,437712,1403635,40024,334,66,0,0,66.000,404.94
1837399,593507,212009,42288,292,66,0,0,66.000,404.94
1837399,1131585,163896,2762,292,66,0,0,66.000,404.94
1837399,679886,987276,1626,292,66,0,0,66.000,404.94
1837399,1629702,1810268,21115,291,66,0,0,66.000,404.94
